object={
	name="rock_lava_generator_1_0"
	render_pass=Map
	clamp_to_water_level=no
	generated_content=yes
	layer="tree_high_layer"
	pdxmesh="hardened_lava_rock_01_mesh"
	count=4
	transform="4245.367188 0.000000 4086.181152 0.000000 0.187095 0.000000 0.982342 1.000000 1.000000 1.000000
4242.455078 0.000000 4072.452148 0.000000 0.164762 0.000000 0.986333 1.000000 1.000000 1.000000
4239.530762 0.000000 4089.698975 0.000000 0.346178 0.000000 0.938169 1.000000 1.000000 1.000000
4240.005371 0.000000 4097.773438 0.000000 0.278623 0.000000 0.960401 1.000000 1.000000 1.000000
"}
object={
	name="rock_lava_generator_1_1"
	render_pass=Map
	clamp_to_water_level=no
	generated_content=yes
	layer="tree_high_layer"
	pdxmesh="hardened_lava_rock_02_mesh"
	count=2
	transform="4223.310547 0.000000 4102.432129 0.000000 0.726203 0.000000 0.687480 1.000000 1.000000 1.000000
4247.886719 0.000000 4087.354980 0.000000 0.824964 0.000000 0.565186 1.000000 1.000000 1.000000
"}
object={
	name="rock_lava_generator_1_2"
	render_pass=Map
	clamp_to_water_level=no
	generated_content=yes
	layer="tree_high_layer"
	pdxmesh="hardened_lava_rock_03_mesh"
	count=4
	transform="4211.950684 0.000000 4108.386230 0.000000 0.985384 0.000000 -0.170350 1.000000 1.000000 1.000000
4236.905273 0.000000 4089.322021 0.000000 0.999360 0.000000 -0.035764 1.000000 1.000000 1.000000
4257.626953 0.000000 4083.375488 0.000000 0.974312 0.000000 0.225201 1.000000 1.000000 1.000000
4229.199707 0.000000 4115.652832 0.000000 0.996086 0.000000 -0.088393 1.000000 1.000000 1.000000
"}
object={
	name="rock_lava_generator_1_3"
	render_pass=Map
	clamp_to_water_level=no
	generated_content=yes
	layer="tree_high_layer"
	pdxmesh="hardened_lava_rock_04_mesh"
	count=5
	transform="4216.936523 0.000000 4108.959473 0.000000 0.929564 0.000000 -0.368661 1.000000 1.000000 1.000000
4224.934082 0.000000 4090.710205 0.000000 0.836586 0.000000 -0.547836 1.000000 1.000000 1.000000
4230.984863 0.000000 4109.695801 0.000000 0.833920 0.000000 -0.551885 1.000000 1.000000 1.000000
4226.481445 0.000000 4118.979980 0.000000 0.734165 0.000000 -0.678972 1.000000 1.000000 1.000000
4241.777344 0.000000 4096.576172 0.000000 0.889564 0.000000 -0.456810 1.000000 1.000000 1.000000
"}
object={
	name="rock_lava_generator_1_4"
	render_pass=Map
	clamp_to_water_level=no
	generated_content=yes
	layer="tree_high_layer"
	pdxmesh="hardened_lava_rock_05_mesh"
	count=6
	transform="4207.091309 0.000000 4105.206543 0.000000 0.515631 0.000000 -0.856811 1.000000 1.000000 1.000000
4216.780273 0.000000 4096.512695 0.000000 0.090698 0.000000 -0.995878 1.000000 1.000000 1.000000
4253.750488 0.000000 4077.706787 0.000000 0.557718 0.000000 -0.830030 1.000000 1.000000 1.000000
4251.425781 0.000000 4074.017822 0.000000 0.395084 0.000000 -0.918645 1.000000 1.000000 1.000000
4230.671387 0.000000 4085.740723 0.000000 0.221854 0.000000 -0.975080 1.000000 1.000000 1.000000
4228.308594 0.000000 4112.438477 0.000000 0.325220 0.000000 -0.945638 1.000000 1.000000 1.000000
"}
