object={
	name="steppe_bush_01_generator_0"
	render_pass=Map
	clamp_to_water_level=no
	generated_content=yes
	layer="grass_layer"
	pdxmesh="steppe_bush_01_mesh"
	count=166
	transform="3147.373291 0.000000 2533.818604 0.000000 0.931331 0.000000 -0.364173 0.568165 0.568165 0.568165
3149.280762 0.000000 2531.118408 0.000000 0.065307 0.000000 0.997865 0.250066 0.250066 0.250066
3154.725342 0.000000 2521.385498 0.000000 0.974533 0.000000 0.224246 0.460757 0.460757 0.460757
3156.203369 0.000000 2520.003174 0.000000 0.644841 0.000000 0.764317 0.335475 0.335475 0.335475
3181.218506 0.000000 2530.373779 0.000000 0.564723 0.000000 0.825281 0.295223 0.295223 0.295223
3148.294922 0.000000 2532.438965 0.000000 0.661766 0.000000 -0.749710 0.660297 0.660297 0.660297
3195.966553 0.000000 2515.233398 0.000000 0.835504 0.000000 0.549485 0.391799 0.391799 0.391799
3184.736084 0.000000 2523.160156 0.000000 0.893391 0.000000 -0.449280 0.591609 0.591609 0.591609
3156.760498 0.000000 2533.110107 0.000000 0.999040 0.000000 0.043808 0.491904 0.491904 0.491904
3182.437988 0.000000 2535.150879 0.000000 0.390348 0.000000 0.920668 0.275127 0.275127 0.275127
3167.682861 0.000000 2528.103760 0.000000 0.991976 0.000000 -0.126424 0.524606 0.524606 0.524606
3169.632324 0.000000 2529.577148 0.000000 0.826927 0.000000 0.562310 0.385575 0.385575 0.385575
3156.249023 0.000000 2521.499512 0.000000 0.925481 0.000000 -0.378795 0.573469 0.573469 0.573469
3197.721191 0.000000 2515.452393 0.000000 0.896497 0.000000 -0.443049 0.593391 0.593391 0.593391
3157.492432 0.000000 2535.931152 0.000000 0.964327 0.000000 0.264714 0.449001 0.449001 0.449001
3180.550537 0.000000 2531.463379 0.000000 0.412202 0.000000 0.911093 0.258257 0.258257 0.258257
3180.093994 0.000000 2530.075684 0.000000 0.294188 0.000000 0.955747 0.231621 0.231621 0.231621
3181.597656 0.000000 2531.416992 0.000000 0.497571 0.000000 0.867423 0.278494 0.278494 0.278494
3248.562744 0.000000 2490.309326 0.000000 0.032780 0.000000 -0.999463 0.800458 0.800458 0.800458
3248.698975 0.000000 2491.762939 0.000000 0.528506 0.000000 0.848930 0.301919 0.301919 0.301919
3248.281738 0.000000 2517.950928 0.000000 0.838067 0.000000 -0.545568 0.593284 0.593284 0.593284
3241.437256 0.000000 2498.075195 0.000000 0.239933 0.000000 0.970790 0.277784 0.277784 0.277784
3213.280762 0.000000 2531.118408 0.000000 0.423321 0.000000 0.905980 0.255178 0.255178 0.255178
3205.749512 0.000000 2523.520020 0.000000 0.990270 0.000000 -0.139160 0.525183 0.525183 0.525183
3235.559570 0.000000 2527.153320 0.000000 0.600025 0.000000 0.799981 0.320591 0.320591 0.320591
3210.748779 0.000000 2531.632812 0.000000 0.824243 0.000000 0.566236 0.394432 0.394432 0.394432
3260.512695 0.000000 2537.554688 0.000000 0.267302 0.000000 0.963613 0.232203 0.232203 0.232203
3240.875000 0.000000 2503.443604 0.000000 0.150160 0.000000 0.988662 0.254491 0.254491 0.254491
3204.914795 0.000000 2525.138184 0.000000 0.846135 0.000000 0.532969 0.400715 0.400715 0.400715
3204.034912 0.000000 2523.657227 0.000000 0.934762 0.000000 -0.355273 0.565514 0.565514 0.565514
3244.454590 0.000000 2512.836426 0.000000 0.091132 0.000000 0.995839 0.221123 0.221123 0.221123
3232.856934 0.000000 2526.326416 0.000000 0.904729 0.000000 0.425989 0.421724 0.421724 0.421724
3241.566406 0.000000 2505.094971 0.000000 0.180500 0.000000 0.983575 0.251138 0.251138 0.251138
3242.098389 0.000000 2513.940430 0.000000 0.833634 0.000000 0.552317 0.392994 0.392994 0.392994
3257.956787 0.000000 2534.531982 0.000000 0.582059 0.000000 0.813147 0.308577 0.308577 0.308577
3256.223145 0.000000 2534.162598 0.000000 0.290340 0.000000 0.956923 0.242720 0.242720 0.242720
3250.383057 0.000000 2515.065918 0.000000 0.218105 0.000000 -0.975925 0.755478 0.755478 0.755478
3234.106934 0.000000 2526.985840 0.000000 0.644515 0.000000 -0.764592 0.668409 0.668409 0.668409
3261.958008 0.000000 2537.448975 0.000000 0.482492 0.000000 -0.875900 0.719826 0.719826 0.719826
3240.872803 0.000000 2527.456055 0.000000 0.980976 0.000000 0.194129 0.459761 0.459761 0.459761
3253.711182 0.000000 2504.309570 0.000000 0.965757 0.000000 -0.259447 0.551762 0.551762 0.551762
3251.389404 0.000000 2516.531494 0.000000 0.701785 0.000000 0.712389 0.342629 0.342629 0.342629
3261.112061 0.000000 2536.496582 0.000000 0.679999 0.000000 -0.733213 0.669517 0.669517 0.669517
3211.492676 0.000000 2529.764160 0.000000 0.755772 0.000000 -0.654835 0.675125 0.675125 0.675125
3213.256592 0.000000 2530.101074 0.000000 0.891492 0.000000 0.453036 0.398467 0.398467 0.398467
3210.705078 0.000000 2528.419922 0.000000 0.531425 0.000000 0.847106 0.252135 0.252135 0.252135
3211.450195 0.000000 2528.859131 0.000000 0.138652 0.000000 0.990341 0.148825 0.148825 0.148825
3268.492432 0.000000 2549.102539 0.000000 0.334349 0.000000 -0.942449 0.710326 0.710326 0.710326
3271.254883 0.000000 2548.158447 0.000000 0.804547 0.000000 0.593890 0.378158 0.378158 0.378158
3270.542969 0.000000 2549.876465 0.000000 0.896241 0.000000 -0.443568 0.588059 0.588059 0.588059
3520.100586 0.000000 2749.086426 0.000000 0.987896 0.000000 -0.155117 0.544521 0.544521 0.544521
3520.017578 0.000000 2746.450195 0.000000 0.005522 0.000000 0.999985 0.174677 0.174677 0.174677
3521.857178 0.000000 2751.164062 0.000000 0.875906 0.000000 0.482482 0.402584 0.402584 0.402584
3520.217285 0.000000 2750.801758 0.000000 0.951349 0.000000 0.308116 0.439399 0.439399 0.439399
3520.778320 0.000000 2747.737305 0.000000 0.071348 0.000000 0.997451 0.188371 0.188371 0.188371
3521.275391 0.000000 2746.220947 0.000000 0.879766 0.000000 0.475406 0.397032 0.397032 0.397032
3521.180176 0.000000 2749.814941 0.000000 0.681307 0.000000 0.731998 0.265242 0.265242 0.265242
3521.052246 0.000000 2748.716797 0.000000 0.271916 0.000000 0.962321 0.129700 0.129700 0.129700
3520.118164 0.000000 2748.235840 0.000000 0.300858 0.000000 -0.953669 0.861665 0.861665 0.861665
3502.140869 0.000000 2782.295654 0.000000 0.713455 0.000000 0.700701 0.371590 0.371590 0.371590
3512.699219 0.000000 2791.607178 0.000000 0.876231 0.000000 -0.481891 0.585360 0.585360 0.585360
3469.640869 0.000000 2801.921875 0.000000 0.938436 0.000000 -0.345454 0.575070 0.575070 0.575070
3505.663330 0.000000 2784.828125 0.000000 0.999783 0.000000 0.020832 0.495943 0.495943 0.495943
3511.588867 0.000000 2795.575195 0.000000 0.929090 0.000000 0.369853 0.434029 0.434029 0.434029
3514.227295 0.000000 2775.046387 0.000000 0.611814 0.000000 -0.791002 0.716976 0.716976 0.716976
3499.523193 0.000000 2792.381348 0.000000 0.314374 0.000000 -0.949299 0.786552 0.786552 0.786552
3511.571289 0.000000 2779.262695 0.000000 0.993148 0.000000 0.116866 0.478141 0.478141 0.478141
3463.353271 0.000000 2813.442627 0.000000 0.955451 0.000000 0.295151 0.442217 0.442217 0.442217
3479.391846 0.000000 2799.405762 0.000000 0.999772 0.000000 0.021371 0.495358 0.495358 0.495358
3494.862305 0.000000 2788.513672 0.000000 0.653293 0.000000 0.757106 0.304341 0.304341 0.304341
3502.680176 0.000000 2785.104980 0.000000 0.982189 0.000000 -0.187898 0.543297 0.543297 0.543297
3512.841553 0.000000 2781.619385 0.000000 0.570221 0.000000 -0.821491 0.670878 0.670878 0.670878
3467.033447 0.000000 2802.808105 0.000000 0.967530 0.000000 -0.252755 0.544017 0.544017 0.544017
3515.440430 0.000000 2767.945068 0.000000 0.994807 0.000000 0.101778 0.477346 0.477346 0.477346
3515.085938 0.000000 2772.743652 0.000000 0.861310 0.000000 0.508080 0.409523 0.409523 0.409523
3485.129639 0.000000 2789.459229 0.000000 0.923879 0.000000 0.382684 0.402451 0.402451 0.402451
3477.323486 0.000000 2798.696045 0.000000 0.879407 0.000000 -0.476071 0.594764 0.594764 0.594764
3477.890869 0.000000 2801.067383 0.000000 0.681525 0.000000 -0.731795 0.647567 0.647567 0.647567
3495.047119 0.000000 2786.402344 0.000000 0.997618 0.000000 -0.068982 0.512582 0.512582 0.512582
3464.783936 0.000000 2815.134766 0.000000 0.985152 0.000000 0.171685 0.470170 0.470170 0.470170
3499.191650 0.000000 2794.497803 0.000000 0.477392 0.000000 -0.878691 0.706959 0.706959 0.706959
3465.032959 0.000000 2812.223633 0.000000 0.606207 0.000000 0.795307 0.307169 0.307169 0.307169
3469.557617 0.000000 2803.980957 0.000000 0.866489 0.000000 -0.499196 0.606347 0.606347 0.606347
3502.033936 0.000000 2808.538818 0.000000 0.637577 0.000000 0.770387 0.297457 0.297457 0.297457
3513.513916 0.000000 2779.779785 0.000000 0.880343 0.000000 0.474337 0.408389 0.408389 0.408389
3511.034180 0.000000 2781.043701 0.000000 0.087883 0.000000 0.996131 0.207551 0.207551 0.207551
3489.143066 0.000000 2808.294189 0.000000 0.538283 0.000000 0.842764 0.300423 0.300423 0.300423
3468.667725 0.000000 2800.010498 0.000000 0.982443 0.000000 -0.186561 0.539940 0.539940 0.539940
3493.622803 0.000000 2789.914062 0.000000 0.730810 0.000000 -0.682581 0.636921 0.636921 0.636921
3504.194824 0.000000 2785.896973 0.000000 0.905845 0.000000 -0.423610 0.585181 0.585181 0.585181
3503.635254 0.000000 2809.103027 0.000000 0.882534 0.000000 -0.470249 0.612752 0.612752 0.612752
3510.128418 0.000000 2779.777832 0.000000 0.955418 0.000000 -0.295257 0.555934 0.555934 0.555934
3468.522705 0.000000 2802.896484 0.000000 0.279655 0.000000 -0.960100 0.761938 0.761938 0.761938
3498.272705 0.000000 2795.659180 0.000000 0.858498 0.000000 -0.512818 0.603847 0.603847 0.603847
3504.336182 0.000000 2784.432129 0.000000 0.480730 0.000000 0.876869 0.291773 0.291773 0.291773
3478.552734 0.000000 2798.055908 0.000000 0.769843 0.000000 0.638234 0.349654 0.349654 0.349654
3513.061768 0.000000 2792.935303 0.000000 0.499569 0.000000 -0.866274 0.718404 0.718404 0.718404
3514.912598 0.000000 2766.726562 0.000000 0.117767 0.000000 -0.993041 0.822792 0.822792 0.822792
3511.561035 0.000000 2792.211670 0.000000 0.952375 0.000000 0.304928 0.438500 0.438500 0.438500
3477.041992 0.000000 2799.947754 0.000000 0.963921 0.000000 0.266187 0.448542 0.448542 0.448542
3515.437256 0.000000 2774.748779 0.000000 0.792494 0.000000 0.609880 0.344027 0.344027 0.344027
3469.870117 0.000000 2800.385254 0.000000 0.975719 0.000000 0.219027 0.453003 0.453003 0.453003
3488.464355 0.000000 2809.398193 0.000000 0.983477 0.000000 -0.181032 0.536243 0.536243 0.536243
3465.113770 0.000000 2813.941895 0.000000 0.858362 0.000000 0.513045 0.387023 0.387023 0.387023
3498.687744 0.000000 2793.352295 0.000000 0.887025 0.000000 -0.461722 0.609933 0.609933 0.609933
3502.096924 0.000000 2809.803223 0.000000 0.278053 0.000000 0.960566 0.203128 0.203128 0.203128
3478.286133 0.000000 2799.921875 0.000000 0.917233 0.000000 -0.398351 0.588991 0.588991 0.588991
3514.258545 0.000000 2767.951904 0.000000 0.738738 0.000000 -0.673993 0.664334 0.664334 0.664334
3510.072021 0.000000 2792.850342 0.000000 0.378735 0.000000 0.925505 0.265329 0.265329 0.265329
3490.101318 0.000000 2809.003662 0.000000 0.897407 0.000000 -0.441204 0.592973 0.592973 0.592973
3499.817627 0.000000 2793.424805 0.000000 0.985247 0.000000 0.171137 0.460606 0.460606 0.460606
3484.036133 0.000000 2788.035889 0.000000 0.352322 0.000000 0.935879 0.199243 0.199243 0.199243
3498.436523 0.000000 2792.321045 0.000000 0.833831 0.000000 -0.552019 0.633950 0.633950 0.633950
3468.949707 0.000000 2801.057129 0.000000 0.934214 0.000000 -0.356712 0.577629 0.577629 0.577629
3465.894043 0.000000 2812.787598 0.000000 0.994839 0.000000 0.101470 0.478684 0.478684 0.478684
3515.146484 0.000000 2775.719727 0.000000 0.931204 0.000000 0.364497 0.411280 0.411280 0.411280
3502.347412 0.000000 2784.157227 0.000000 0.930737 0.000000 -0.365689 0.585753 0.585753 0.585753
3495.719727 0.000000 2789.022461 0.000000 0.081035 0.000000 0.996711 0.160638 0.160638 0.160638
3494.559082 0.000000 2789.447266 0.000000 0.909967 0.000000 0.414681 0.402590 0.402590 0.402590
3502.099609 0.000000 2785.989014 0.000000 0.390502 0.000000 0.920602 0.232089 0.232089 0.232089
3484.289551 0.000000 2788.980469 0.000000 0.206043 0.000000 0.978543 0.161356 0.161356 0.161356
3478.403076 0.000000 2798.984863 0.000000 0.992291 0.000000 0.123927 0.473014 0.473014 0.473014
3503.703125 0.000000 2785.108643 0.000000 0.545807 0.000000 0.837911 0.272443 0.272443 0.272443
3515.820557 0.000000 2766.557373 0.000000 0.733028 0.000000 -0.680198 0.666208 0.666208 0.666208
3502.947021 0.000000 2808.450928 0.000000 0.769673 0.000000 -0.638438 0.659480 0.659480 0.659480
3522.312744 0.000000 2761.467285 0.000000 0.999994 0.000000 -0.003401 0.500773 0.500773 0.500773
3525.360596 0.000000 2776.334473 0.000000 0.937984 0.000000 -0.346678 0.563416 0.563416 0.563416
3524.120850 0.000000 2753.254639 0.000000 0.876808 0.000000 0.480840 0.410147 0.410147 0.410147
3529.876465 0.000000 2755.766846 0.000000 0.967512 0.000000 0.252825 0.453258 0.453258 0.453258
3522.628174 0.000000 2775.326172 0.000000 0.987008 0.000000 -0.160669 0.529611 0.529611 0.529611
3522.928711 0.000000 2755.394775 0.000000 0.542799 0.000000 0.839863 0.317049 0.317049 0.317049
3524.935547 0.000000 2755.539551 0.000000 0.141293 0.000000 0.989968 0.248481 0.248481 0.248481
3522.014893 0.000000 2753.634277 0.000000 0.517010 0.000000 -0.855980 0.692379 0.692379 0.692379
3531.593994 0.000000 2754.826416 0.000000 0.076510 0.000000 -0.997069 0.763924 0.763924 0.763924
3528.145020 0.000000 2755.062500 0.000000 0.621153 0.000000 0.783689 0.335308 0.335308 0.335308
3525.793945 0.000000 2752.602295 0.000000 0.813789 0.000000 0.581160 0.388914 0.388914 0.388914
3528.625732 0.000000 2757.010254 0.000000 0.954880 0.000000 0.296991 0.438081 0.438081 0.438081
3524.579590 0.000000 2777.981934 0.000000 0.204790 0.000000 0.978806 0.255572 0.255572 0.255572
3530.583252 0.000000 2757.308350 0.000000 0.988752 0.000000 -0.149563 0.527267 0.527267 0.527267
3522.964111 0.000000 2752.039307 0.000000 0.052290 0.000000 -0.998632 0.784322 0.784322 0.784322
3523.634766 0.000000 2776.617432 0.000000 0.979159 0.000000 0.203094 0.462344 0.462344 0.462344
3523.512695 0.000000 2761.137695 0.000000 0.945455 0.000000 -0.325753 0.575382 0.575382 0.575382
3521.785400 0.000000 2760.504883 0.000000 0.105304 0.000000 0.994440 0.125951 0.125951 0.125951
3521.241455 0.000000 2761.606201 0.000000 0.997392 0.000000 -0.072178 0.518441 0.518441 0.518441
3522.887695 0.000000 2760.250732 0.000000 0.778507 0.000000 0.627636 0.345852 0.345852 0.345852
3520.279297 0.000000 2761.589844 0.000000 0.444518 0.000000 0.895770 0.216607 0.216607 0.216607
3469.661377 0.000000 2837.948975 0.000000 0.335214 0.000000 -0.942142 0.729346 0.729346 0.729346
3472.258057 0.000000 2823.456543 0.000000 0.986750 0.000000 -0.162246 0.530921 0.530921 0.530921
3461.425049 0.000000 2835.414551 0.000000 0.966364 0.000000 -0.257178 0.544968 0.544968 0.544968
3495.417480 0.000000 2824.753906 0.000000 0.092946 0.000000 -0.995671 0.747176 0.747176 0.747176
3468.911865 0.000000 2834.607422 0.000000 0.939330 0.000000 -0.343014 0.563809 0.563809 0.563809
3456.016602 0.000000 2822.866455 0.000000 0.928615 0.000000 0.371044 0.434043 0.434043 0.434043
3470.549805 0.000000 2821.160400 0.000000 0.708586 0.000000 0.705625 0.366044 0.366044 0.366044
3461.002197 0.000000 2837.888672 0.000000 0.412229 0.000000 -0.911080 0.718850 0.718850 0.718850
3463.379395 0.000000 2834.344238 0.000000 0.678958 0.000000 -0.734177 0.643051 0.643051 0.643051
3462.814697 0.000000 2836.963379 0.000000 0.941223 0.000000 -0.337785 0.565807 0.565807 0.565807
3458.145996 0.000000 2823.474854 0.000000 0.783088 0.000000 0.621911 0.341652 0.341652 0.341652
3495.011230 0.000000 2822.859131 0.000000 0.804192 0.000000 0.594370 0.376455 0.376455 0.376455
3493.683105 0.000000 2825.140625 0.000000 0.425689 0.000000 -0.904869 0.700488 0.700488 0.700488
3468.715088 0.000000 2836.428711 0.000000 0.830683 0.000000 0.556746 0.389810 0.389810 0.389810
3493.322754 0.000000 2823.413086 0.000000 0.920776 0.000000 -0.390092 0.582037 0.582037 0.582037
3471.197998 0.000000 2822.488525 0.000000 0.993473 0.000000 -0.114068 0.522332 0.522332 0.522332
3492.091797 0.000000 2822.929443 0.000000 0.696590 0.000000 0.717470 0.336193 0.336193 0.336193
3458.050781 0.000000 2822.226807 0.000000 0.347924 0.000000 0.937523 0.213249 0.213249 0.213249
3471.028076 0.000000 2823.849609 0.000000 0.770055 0.000000 -0.637978 0.635160 0.635160 0.635160
3459.334717 0.000000 2823.045166 0.000000 0.809781 0.000000 0.586732 0.352072 0.352072 0.352072
"}
