object={
	name="tree_leaf_high_generator_2_0"
	render_pass=Map
	clamp_to_water_level=no
	generated_content=yes
	layer="tree_high_layer"
	pdxmesh="tree_leaf_01_b_mesh"
	count=574
	transform="3058.858154 0.000000 2623.878418 0.000000 0.084677 0.000000 -0.996408 0.437841 0.437841 0.437841
3060.094971 0.000000 2621.647461 0.000000 0.894433 0.000000 -0.447202 0.428011 0.428011 0.428011
3059.368652 0.000000 2641.918701 0.000000 0.151831 0.000000 0.988406 0.377337 0.377337 0.377337
3049.306641 0.000000 2654.177979 0.000000 0.412704 0.000000 -0.910865 0.525817 0.525817 0.525817
3045.385498 0.000000 2637.613525 0.000000 0.645546 0.000000 -0.763721 0.426470 0.426470 0.426470
3056.562744 0.000000 2682.309326 0.000000 0.996011 0.000000 0.089230 0.395405 0.395405 0.395405
3067.440430 0.000000 2639.945068 0.000000 0.799998 0.000000 -0.600003 0.450124 0.450124 0.450124
3049.644287 0.000000 2637.944824 0.000000 0.055150 0.000000 -0.998478 0.484001 0.484001 0.484001
3055.595947 0.000000 2677.427246 0.000000 0.066747 0.000000 -0.997770 0.493870 0.493870 0.493870
3005.251465 0.000000 2706.173584 0.000000 0.606274 0.000000 -0.795256 0.440858 0.440858 0.440858
3004.650391 0.000000 2711.208740 0.000000 0.919127 0.000000 0.393962 0.381196 0.381196 0.381196
3029.501221 0.000000 2714.272461 0.000000 0.725150 0.000000 0.688591 0.390519 0.390519 0.390519
3027.874268 0.000000 2709.486328 0.000000 0.587798 0.000000 -0.809008 0.409882 0.409882 0.409882
3065.270508 0.000000 2749.388672 0.000000 0.723775 0.000000 0.690036 0.375284 0.375284 0.375284
3041.669922 0.000000 2746.098877 0.000000 0.708452 0.000000 0.705759 0.375354 0.375354 0.375354
3018.833252 0.000000 2735.841553 0.000000 0.590023 0.000000 0.807386 0.368563 0.368563 0.368563
3024.442627 0.000000 2708.322998 0.000000 0.678371 0.000000 0.734719 0.375277 0.375277 0.375277
3031.152832 0.000000 2716.548096 0.000000 0.544158 0.000000 -0.838983 0.487475 0.487475 0.487475
3049.066406 0.000000 2707.226807 0.000000 0.997889 0.000000 -0.064943 0.405841 0.405841 0.405841
3019.033447 0.000000 2738.808105 0.000000 0.268939 0.000000 0.963157 0.298856 0.298856 0.298856
3049.375977 0.000000 2729.206055 0.000000 0.769860 0.000000 -0.638213 0.448385 0.448385 0.448385
3063.588867 0.000000 2795.575195 0.000000 0.667076 0.000000 -0.744990 0.419305 0.419305 0.419305
3050.505127 0.000000 2789.666260 0.000000 0.238209 0.000000 0.971214 0.343541 0.343541 0.343541
3043.375244 0.000000 2755.457275 0.000000 0.749539 0.000000 -0.661960 0.430342 0.430342 0.430342
3058.477783 0.000000 2758.194336 0.000000 0.362150 0.000000 -0.932120 0.447943 0.447943 0.447943
3119.768066 0.000000 2551.587402 0.000000 0.523875 0.000000 -0.851795 0.422396 0.422396 0.422396
3127.016113 0.000000 2545.444336 0.000000 0.839836 0.000000 0.542840 0.384242 0.384242 0.384242
3116.732910 0.000000 2551.104492 0.000000 0.868334 0.000000 -0.495979 0.420989 0.420989 0.420989
3127.374512 0.000000 2542.087402 0.000000 0.609774 0.000000 -0.792576 0.459851 0.459851 0.459851
3125.023926 0.000000 2544.562012 0.000000 0.946528 0.000000 0.322621 0.376709 0.376709 0.376709
3190.356934 0.000000 2550.923340 0.000000 0.030628 0.000000 0.999531 0.346169 0.346169 0.346169
3155.236816 0.000000 2557.685303 0.000000 0.974648 0.000000 0.223744 0.391324 0.391324 0.391324
3154.721924 0.000000 2555.512939 0.000000 0.999904 0.000000 -0.013877 0.400825 0.400825 0.400825
3221.874756 0.000000 2550.274414 0.000000 0.597589 0.000000 -0.801803 0.420903 0.420903 0.420903
3247.768066 0.000000 2551.587402 0.000000 0.287840 0.000000 -0.957678 0.425541 0.425541 0.425541
3209.161621 0.000000 2554.236328 0.000000 0.894393 0.000000 0.447281 0.388191 0.388191 0.388191
3231.928711 0.000000 2559.411377 0.000000 0.681423 0.000000 0.731890 0.380731 0.380731 0.380731
3213.388672 0.000000 2558.958984 0.000000 0.992683 0.000000 0.120748 0.395709 0.395709 0.395709
3238.004639 0.000000 2555.951172 0.000000 0.944768 0.000000 -0.327739 0.410170 0.410170 0.410170
3258.487793 0.000000 2554.469971 0.000000 0.899070 0.000000 -0.437805 0.440275 0.440275 0.440275
3207.254883 0.000000 2548.158447 0.000000 0.567585 0.000000 0.823315 0.325626 0.325626 0.325626
3253.727539 0.000000 2555.854492 0.000000 0.995689 0.000000 0.092758 0.392254 0.392254 0.392254
3211.076660 0.000000 2551.520264 0.000000 0.365071 0.000000 0.930980 0.341424 0.341424 0.341424
3211.688965 0.000000 2554.299561 0.000000 0.169288 0.000000 -0.985567 0.496514 0.496514 0.496514
3221.429199 0.000000 2552.663574 0.000000 0.008837 0.000000 -0.999961 0.476430 0.476430 0.476430
3230.372070 0.000000 2557.639160 0.000000 0.685548 0.000000 0.728027 0.336076 0.336076 0.336076
3257.202637 0.000000 2559.846680 0.000000 0.534617 0.000000 -0.845094 0.452278 0.452278 0.452278
3289.065674 0.000000 2556.302246 0.000000 0.997480 0.000000 0.070947 0.392236 0.392236 0.392236
3281.253906 0.000000 2553.669434 0.000000 0.489944 0.000000 0.871754 0.374625 0.374625 0.374625
3273.161621 0.000000 2554.236328 0.000000 0.397092 0.000000 -0.917779 0.424378 0.424378 0.424378
3303.165039 0.000000 2551.206543 0.000000 0.609149 0.000000 0.793056 0.366162 0.366162 0.366162
3291.092285 0.000000 2554.222900 0.000000 0.278029 0.000000 -0.960573 0.465651 0.465651 0.465651
3282.721924 0.000000 2555.512939 0.000000 0.980552 0.000000 0.196260 0.388854 0.388854 0.388854
3135.945312 0.000000 2581.680908 0.000000 0.407065 0.000000 0.913399 0.352851 0.352851 0.352851
3073.475586 0.000000 2608.701904 0.000000 0.944298 0.000000 0.329091 0.383256 0.383256 0.383256
3132.650391 0.000000 2583.208740 0.000000 0.947961 0.000000 0.318386 0.375893 0.375893 0.375893
3155.637207 0.000000 2569.028809 0.000000 0.244643 0.000000 -0.969613 0.407270 0.407270 0.407270
3185.762695 0.000000 2573.487793 0.000000 0.183966 0.000000 -0.982933 0.556377 0.556377 0.556377
3177.543945 0.000000 2576.418701 0.000000 0.704017 0.000000 0.710183 0.302994 0.302994 0.302994
3152.207520 0.000000 2586.596191 0.000000 0.989244 0.000000 -0.146271 0.400733 0.400733 0.400733
3191.588867 0.000000 2603.575195 0.000000 0.667150 0.000000 0.744923 0.381536 0.381536 0.381536
3167.157227 0.000000 2612.205078 0.000000 0.562292 0.000000 0.826939 0.301312 0.301312 0.301312
3170.571045 0.000000 2615.112549 0.000000 0.842879 0.000000 0.538102 0.381276 0.381276 0.381276
3197.974365 0.000000 2564.018555 0.000000 0.401556 0.000000 0.915835 0.364743 0.364743 0.364743
3199.100098 0.000000 2618.470459 0.000000 0.991267 0.000000 -0.131872 0.403632 0.403632 0.403632
3181.261963 0.000000 2609.486816 0.000000 0.864454 0.000000 -0.502712 0.416306 0.416306 0.416306
3152.442627 0.000000 2580.322998 0.000000 0.636834 0.000000 0.771001 0.363953 0.363953 0.363953
3188.455566 0.000000 2574.905273 0.000000 0.220589 0.000000 -0.975367 0.450494 0.450494 0.450494
3194.520508 0.000000 2610.185059 0.000000 0.927152 0.000000 0.374685 0.384084 0.384084 0.384084
3194.345215 0.000000 2601.899170 0.000000 0.362937 0.000000 0.931814 0.299990 0.299990 0.299990
3161.502441 0.000000 2574.441650 0.000000 0.851077 0.000000 0.525042 0.372676 0.372676 0.372676
3184.562744 0.000000 2618.309326 0.000000 0.018064 0.000000 0.999837 0.334100 0.334100 0.334100
3150.434082 0.000000 2603.553955 0.000000 0.603850 0.000000 0.797098 0.364073 0.364073 0.364073
3163.092285 0.000000 2618.222900 0.000000 0.980831 0.000000 -0.194862 0.407932 0.407932 0.407932
3190.357178 0.000000 2597.203125 0.000000 0.131919 0.000000 0.991261 0.320992 0.320992 0.320992
3188.877197 0.000000 2603.650635 0.000000 0.426245 0.000000 0.904608 0.310817 0.310817 0.310817
3195.440430 0.000000 2575.945068 0.000000 0.525362 0.000000 0.850879 0.348679 0.348679 0.348679
3147.076660 0.000000 2615.520264 0.000000 0.923335 0.000000 -0.383995 0.430305 0.430305 0.430305
3156.507324 0.000000 2591.782227 0.000000 0.582247 0.000000 -0.813012 0.454984 0.454984 0.454984
3186.638428 0.000000 2599.206543 0.000000 0.632083 0.000000 -0.774900 0.461088 0.461088 0.461088
3172.208984 0.000000 2581.414795 0.000000 0.817076 0.000000 0.576530 0.352137 0.352137 0.352137
3177.591064 0.000000 2587.176758 0.000000 0.667010 0.000000 -0.745049 0.440293 0.440293 0.440293
3192.013184 0.000000 2574.074707 0.000000 0.296460 0.000000 -0.955045 0.489398 0.489398 0.489398
3158.142822 0.000000 2580.939209 0.000000 0.398605 0.000000 0.917123 0.340881 0.340881 0.340881
3145.458496 0.000000 2612.552490 0.000000 0.904935 0.000000 0.425549 0.376077 0.376077 0.376077
3167.436279 0.000000 2606.529785 0.000000 0.898346 0.000000 -0.439289 0.424753 0.424753 0.424753
3154.721924 0.000000 2619.512939 0.000000 0.326178 0.000000 0.945308 0.328264 0.328264 0.328264
3193.476807 0.000000 2566.478516 0.000000 0.944277 0.000000 0.329151 0.377894 0.377894 0.377894
3168.390625 0.000000 2579.297119 0.000000 0.656232 0.000000 0.754559 0.342795 0.342795 0.342795
3195.502441 0.000000 2571.604736 0.000000 0.862358 0.000000 0.506300 0.366865 0.366865 0.366865
3187.831055 0.000000 2572.888428 0.000000 0.972176 0.000000 -0.234253 0.415466 0.415466 0.415466
3132.556885 0.000000 2684.735352 0.000000 0.815082 0.000000 0.579345 0.328420 0.328420 0.328420
3131.648193 0.000000 2677.040283 0.000000 0.974578 0.000000 -0.224048 0.421211 0.421211 0.421211
3107.974365 0.000000 2632.327637 0.000000 0.958595 0.000000 -0.284774 0.409660 0.409660 0.409660
3102.625244 0.000000 2632.709473 0.000000 0.768764 0.000000 -0.639532 0.438111 0.438111 0.438111
3093.323486 0.000000 2670.696045 0.000000 0.981614 0.000000 0.190876 0.386958 0.386958 0.386958
3106.254395 0.000000 2639.647949 0.000000 0.916381 0.000000 0.400306 0.378613 0.378613 0.378613
3144.167236 0.000000 2653.333496 0.000000 0.991019 0.000000 0.133720 0.399799 0.399799 0.399799
3144.561523 0.000000 2673.880859 0.000000 0.998155 0.000000 0.060713 0.393145 0.393145 0.393145
3189.523926 0.000000 2654.232178 0.000000 0.849486 0.000000 0.527611 0.396115 0.396115 0.396115
3197.435791 0.000000 2644.831055 0.000000 0.540218 0.000000 0.841525 0.288643 0.288643 0.288643
3144.725830 0.000000 2678.708008 0.000000 0.093200 0.000000 -0.995647 0.416230 0.416230 0.416230
3180.970947 0.000000 2649.687256 0.000000 0.840536 0.000000 -0.541756 0.464892 0.464892 0.464892
3173.207031 0.000000 2666.217529 0.000000 0.014205 0.000000 -0.999899 0.434975 0.434975 0.434975
3147.433594 0.000000 2665.447021 0.000000 0.234126 0.000000 -0.972206 0.431983 0.431983 0.431983
3184.907471 0.000000 2675.574219 0.000000 0.876563 0.000000 -0.481288 0.412034 0.412034 0.412034
3151.162842 0.000000 2638.655762 0.000000 0.750902 0.000000 0.660414 0.324721 0.324721 0.324721
3148.911865 0.000000 2642.607422 0.000000 0.974129 0.000000 -0.225992 0.406602 0.406602 0.406602
3180.305664 0.000000 2624.071289 0.000000 0.583826 0.000000 0.811879 0.368780 0.368780 0.368780
3189.457520 0.000000 2663.845947 0.000000 0.064825 0.000000 0.997897 0.348869 0.348869 0.348869
3145.304443 0.000000 2641.271240 0.000000 0.981556 0.000000 0.191174 0.394621 0.394621 0.394621
3181.261963 0.000000 2673.486816 0.000000 0.989231 0.000000 0.146361 0.386138 0.386138 0.386138
3151.504639 0.000000 2653.846924 0.000000 0.753055 0.000000 0.657958 0.370240 0.370240 0.370240
3199.692627 0.000000 2642.553467 0.000000 0.630133 0.000000 0.776487 0.371145 0.371145 0.371145
3191.710205 0.000000 2656.172607 0.000000 0.803316 0.000000 -0.595552 0.420068 0.420068 0.420068
3166.410400 0.000000 2656.941895 0.000000 0.407406 0.000000 -0.913247 0.447708 0.447708 0.447708
3194.773682 0.000000 2658.637207 0.000000 0.543317 0.000000 0.839528 0.310944 0.310944 0.310944
3163.274902 0.000000 2662.917725 0.000000 0.964443 0.000000 0.264292 0.386912 0.386912 0.386912
3143.838379 0.000000 2646.906494 0.000000 0.741533 0.000000 0.670917 0.333534 0.333534 0.333534
3153.357178 0.000000 2634.443604 0.000000 0.354781 0.000000 -0.934950 0.456703 0.456703 0.456703
3196.294434 0.000000 2653.041016 0.000000 0.870371 0.000000 0.492397 0.380720 0.380720 0.380720
3171.559570 0.000000 2655.153320 0.000000 0.969117 0.000000 0.246602 0.389425 0.389425 0.389425
3149.099854 0.000000 2655.974121 0.000000 0.975776 0.000000 0.218771 0.389758 0.389758 0.389758
3189.727539 0.000000 2683.854492 0.000000 0.945265 0.000000 0.326304 0.386889 0.386889 0.386889
3163.797119 0.000000 2668.270020 0.000000 0.077976 0.000000 0.996955 0.283727 0.283727 0.283727
3137.475586 0.000000 2672.701904 0.000000 0.854898 0.000000 -0.518796 0.440579 0.440579 0.440579
3147.076660 0.000000 2679.520264 0.000000 0.286657 0.000000 0.958033 0.314354 0.314354 0.314354
3197.251465 0.000000 2642.173584 0.000000 0.599139 0.000000 0.800645 0.345765 0.345765 0.345765
3195.323730 0.000000 2627.964600 0.000000 0.051416 0.000000 -0.998677 0.525174 0.525174 0.525174
3199.694824 0.000000 2660.460205 0.000000 0.929899 0.000000 0.367816 0.381757 0.381757 0.381757
3157.157471 0.000000 2666.428711 0.000000 0.705814 0.000000 0.708397 0.361479 0.361479 0.361479
3191.374512 0.000000 2670.087402 0.000000 0.455678 0.000000 0.890145 0.347933 0.347933 0.347933
3186.638428 0.000000 2663.206543 0.000000 0.377044 0.000000 -0.926196 0.482779 0.482779 0.482779
3196.650391 0.000000 2647.208740 0.000000 0.207326 0.000000 0.978272 0.297314 0.297314 0.297314
3192.013184 0.000000 2638.074707 0.000000 0.428598 0.000000 0.903495 0.330169 0.330169 0.330169
3160.088867 0.000000 2636.448730 0.000000 0.948293 0.000000 0.317397 0.382583 0.382583 0.382583
3176.944580 0.000000 2673.631592 0.000000 0.939031 0.000000 0.343831 0.380021 0.380021 0.380021
3177.375977 0.000000 2665.206055 0.000000 0.684771 0.000000 -0.728758 0.442807 0.442807 0.442807
3164.727295 0.000000 2673.973877 0.000000 0.298631 0.000000 -0.954369 0.491770 0.491770 0.491770
3174.786133 0.000000 2668.403076 0.000000 0.738132 0.000000 -0.674657 0.443629 0.443629 0.443629
3193.476807 0.000000 2630.478516 0.000000 0.669997 0.000000 -0.742364 0.456392 0.456392 0.456392
3183.595947 0.000000 2677.427246 0.000000 0.988287 0.000000 -0.152606 0.411016 0.411016 0.411016
3154.518311 0.000000 2674.261475 0.000000 0.962117 0.000000 -0.272638 0.417235 0.417235 0.417235
3186.479492 0.000000 2649.896729 0.000000 0.346040 0.000000 0.938220 0.329485 0.329485 0.329485
3189.255371 0.000000 2659.462891 0.000000 0.144251 0.000000 -0.989541 0.489004 0.489004 0.489004
3208.167236 0.000000 2589.333496 0.000000 0.483968 0.000000 -0.875086 0.530889 0.530889 0.530889
3216.442627 0.000000 2605.369873 0.000000 0.641443 0.000000 0.767170 0.398254 0.398254 0.398254
3209.671875 0.000000 2570.250977 0.000000 0.579412 0.000000 -0.815035 0.505138 0.505138 0.505138
3221.572998 0.000000 2560.357666 0.000000 0.400030 0.000000 0.916502 0.270922 0.270922 0.270922
3208.561523 0.000000 2609.880859 0.000000 0.823784 0.000000 -0.566903 0.470122 0.470122 0.470122
3244.949707 0.000000 2618.236084 0.000000 0.144731 0.000000 0.989471 0.385052 0.385052 0.385052
3213.661377 0.000000 2581.948975 0.000000 0.755681 0.000000 0.654939 0.392869 0.392869 0.392869
3215.043945 0.000000 2600.765869 0.000000 0.481607 0.000000 0.876387 0.383464 0.383464 0.383464
3230.775635 0.000000 2571.332764 0.000000 0.607458 0.000000 0.794352 0.382125 0.382125 0.382125
3221.898193 0.000000 2622.725342 0.000000 0.075953 0.000000 0.997111 0.236549 0.236549 0.236549
3263.362305 0.000000 2566.895264 0.000000 0.851953 0.000000 -0.523619 0.414584 0.414584 0.414584
3230.089600 0.000000 2599.723145 0.000000 0.858578 0.000000 -0.512683 0.412901 0.412901 0.412901
3205.425049 0.000000 2579.414551 0.000000 0.338700 0.000000 0.940894 0.363905 0.363905 0.363905
3212.911865 0.000000 2578.607422 0.000000 0.017510 0.000000 -0.999847 0.437227 0.437227 0.437227
3200.016602 0.000000 2566.866455 0.000000 0.564155 0.000000 0.825669 0.373809 0.373809 0.373809
3200.769775 0.000000 2560.060547 0.000000 0.901734 0.000000 -0.432292 0.414508 0.414508 0.414508
3237.543457 0.000000 2583.342041 0.000000 0.057356 0.000000 0.998354 0.354660 0.354660 0.354660
3232.840820 0.000000 2597.822021 0.000000 0.877013 0.000000 -0.480466 0.418768 0.418768 0.418768
3226.852783 0.000000 2584.675537 0.000000 0.999856 0.000000 -0.016971 0.400652 0.400652 0.400652
3248.612061 0.000000 2578.905029 0.000000 0.484211 0.000000 0.874951 0.354254 0.354254 0.354254
3228.506104 0.000000 2614.950684 0.000000 0.709895 0.000000 0.704307 0.330547 0.330547 0.330547
3229.908691 0.000000 2565.035156 0.000000 0.966636 0.000000 0.256154 0.391205 0.391205 0.391205
3220.637451 0.000000 2611.133301 0.000000 0.834315 0.000000 -0.551288 0.425365 0.425365 0.425365
3242.505127 0.000000 2597.666260 0.000000 0.898992 0.000000 0.437965 0.385061 0.385061 0.385061
3235.974365 0.000000 2568.327637 0.000000 0.034701 0.000000 0.999398 0.334039 0.334039 0.334039
3225.527588 0.000000 2567.397217 0.000000 0.113675 0.000000 0.993518 0.351262 0.351262 0.351262
3258.773682 0.000000 2594.637207 0.000000 0.912999 0.000000 0.407962 0.362023 0.362023 0.362023
3202.896973 0.000000 2600.012695 0.000000 0.048400 0.000000 -0.998828 0.460051 0.460051 0.460051
3230.910645 0.000000 2580.855225 0.000000 0.939237 0.000000 -0.343270 0.416621 0.416621 0.416621
3200.415039 0.000000 2591.452881 0.000000 0.853669 0.000000 -0.520816 0.425438 0.425438 0.425438
3239.165039 0.000000 2615.206543 0.000000 0.877784 0.000000 0.479057 0.382539 0.382539 0.382539
3244.732910 0.000000 2615.104492 0.000000 0.511935 0.000000 0.859024 0.352015 0.352015 0.352015
3243.962891 0.000000 2575.176514 0.000000 0.708734 0.000000 0.705476 0.333920 0.333920 0.333920
3256.841553 0.000000 2589.619385 0.000000 0.849741 0.000000 0.527200 0.371719 0.371719 0.371719
3211.033447 0.000000 2610.808105 0.000000 0.897314 0.000000 -0.441393 0.418261 0.418261 0.418261
3258.024170 0.000000 2604.877197 0.000000 0.894966 0.000000 -0.446135 0.437868 0.437868 0.437868
3252.535400 0.000000 2587.741211 0.000000 0.978951 0.000000 0.204097 0.384503 0.384503 0.384503
3213.099854 0.000000 2591.974121 0.000000 0.944455 0.000000 0.328641 0.373081 0.373081 0.373081
3225.631836 0.000000 2579.833496 0.000000 0.720526 0.000000 0.693428 0.364802 0.364802 0.364802
3236.481445 0.000000 2613.076660 0.000000 0.546472 0.000000 -0.837477 0.482772 0.482772 0.482772
3201.896240 0.000000 2613.310303 0.000000 0.988078 0.000000 0.153956 0.391510 0.391510 0.391510
3232.013184 0.000000 2620.025635 0.000000 0.538398 0.000000 0.842691 0.341449 0.341449 0.341449
3254.006348 0.000000 2578.454102 0.000000 0.673647 0.000000 -0.739053 0.458967 0.458967 0.458967
3229.998535 0.000000 2577.651611 0.000000 0.994133 0.000000 -0.108168 0.407468 0.407468 0.407468
3200.017578 0.000000 2618.450195 0.000000 0.316177 0.000000 0.948700 0.305200 0.305200 0.305200
3231.094238 0.000000 2574.609375 0.000000 0.957853 0.000000 -0.287259 0.424295 0.424295 0.424295
3221.429199 0.000000 2616.663574 0.000000 0.943548 0.000000 -0.331235 0.427140 0.427140 0.427140
3220.507324 0.000000 2591.782227 0.000000 0.502701 0.000000 -0.864461 0.482368 0.482368 0.482368
3249.436279 0.000000 2568.522949 0.000000 0.999322 0.000000 0.036815 0.398069 0.398069 0.398069
3215.953857 0.000000 2611.270264 0.000000 0.293070 0.000000 -0.956091 0.499821 0.499821 0.499821
3235.754639 0.000000 2619.327393 0.000000 0.171097 0.000000 0.985254 0.286849 0.286849 0.286849
3259.085938 0.000000 2580.743652 0.000000 0.502303 0.000000 -0.864692 0.454762 0.454762 0.454762
3247.397461 0.000000 2605.136230 0.000000 0.884046 0.000000 0.467399 0.365274 0.365274 0.365274
3215.776367 0.000000 2615.863770 0.000000 0.902878 0.000000 -0.429897 0.422410 0.422410 0.422410
3205.270508 0.000000 2595.638672 0.000000 0.770484 0.000000 0.637459 0.353409 0.353409 0.353409
3249.723877 0.000000 2561.977539 0.000000 0.630155 0.000000 0.776469 0.339629 0.339629 0.339629
3216.518555 0.000000 2602.711426 0.000000 0.539830 0.000000 -0.841774 0.470442 0.470442 0.470442
3238.188232 0.000000 2590.961670 0.000000 0.150661 0.000000 -0.988585 0.477968 0.477968 0.477968
3228.727295 0.000000 2609.973877 0.000000 0.755193 0.000000 -0.655503 0.440690 0.440690 0.440690
3257.252197 0.000000 2576.563721 0.000000 0.853529 0.000000 -0.521045 0.438039 0.438039 0.438039
3238.786133 0.000000 2604.403076 0.000000 0.403597 0.000000 -0.914937 0.460572 0.460572 0.460572
3234.254395 0.000000 2575.647949 0.000000 0.947367 0.000000 -0.320149 0.418387 0.418387 0.418387
3257.476807 0.000000 2566.478516 0.000000 0.812650 0.000000 -0.582752 0.443798 0.443798 0.443798
3243.433838 0.000000 2590.806152 0.000000 0.627288 0.000000 0.778787 0.352751 0.352751 0.352751
3259.502441 0.000000 2571.604736 0.000000 0.092768 0.000000 -0.995688 0.503310 0.503310 0.503310
3251.077637 0.000000 2612.449463 0.000000 0.526581 0.000000 0.850125 0.327440 0.327440 0.327440
3223.595215 0.000000 2615.508057 0.000000 0.968663 0.000000 0.248379 0.382704 0.382704 0.382704
3213.871338 0.000000 2573.083252 0.000000 0.271413 0.000000 -0.962463 0.480237 0.480237 0.480237
3218.067871 0.000000 2623.289062 0.000000 0.998127 0.000000 -0.061177 0.403882 0.403882 0.403882
3301.210205 0.000000 2605.929688 0.000000 0.307722 0.000000 -0.951476 0.401256 0.401256 0.401256
3310.140869 0.000000 2590.295654 0.000000 0.138442 0.000000 0.990371 0.240563 0.240563 0.240563
3317.523926 0.000000 2590.232178 0.000000 0.993718 0.000000 -0.111916 0.413607 0.413607 0.413607
3286.726562 0.000000 2574.325928 0.000000 0.350974 0.000000 -0.936385 0.546472 0.546472 0.546472
3277.661377 0.000000 2581.948975 0.000000 0.997448 0.000000 0.071400 0.391758 0.391758 0.391758
3299.982422 0.000000 2597.303711 0.000000 0.000035 0.000000 1.000000 0.225102 0.225102 0.225102
3268.120850 0.000000 2561.254639 0.000000 0.824657 0.000000 -0.565633 0.413208 0.413208 0.413208
3320.689209 0.000000 2569.062744 0.000000 0.878704 0.000000 0.477367 0.388321 0.388321 0.388321
3279.162842 0.000000 2574.655762 0.000000 0.871362 0.000000 0.490641 0.384380 0.384380 0.384380
3307.883545 0.000000 2592.944336 0.000000 0.712268 0.000000 0.701908 0.319581 0.319581 0.319581
3324.531494 0.000000 2608.222412 0.000000 0.998778 0.000000 0.049430 0.398494 0.398494 0.398494
3264.769775 0.000000 2560.060547 0.000000 0.981864 0.000000 -0.189587 0.405333 0.405333 0.405333
3316.370850 0.000000 2617.659180 0.000000 0.921262 0.000000 -0.388942 0.413963 0.413963 0.413963
3269.749512 0.000000 2587.520020 0.000000 0.572616 0.000000 -0.819824 0.436951 0.436951 0.436951
3309.261963 0.000000 2609.486816 0.000000 0.903853 0.000000 -0.427843 0.412803 0.412803 0.412803
3321.664062 0.000000 2615.247559 0.000000 0.853323 0.000000 0.521382 0.346324 0.346324 0.346324
3275.949951 0.000000 2572.437256 0.000000 0.260916 0.000000 0.965362 0.278633 0.278633 0.278633
3290.568115 0.000000 2609.466553 0.000000 0.995131 0.000000 -0.098559 0.409070 0.409070 0.409070
3309.792725 0.000000 2580.390381 0.000000 0.036133 0.000000 -0.999347 0.459003 0.459003 0.459003
3287.577881 0.000000 2617.747803 0.000000 0.512416 0.000000 -0.858738 0.488698 0.488698 0.488698
3327.176270 0.000000 2602.874756 0.000000 0.031446 0.000000 0.999505 0.340817 0.340817 0.340817
3322.520508 0.000000 2610.185059 0.000000 0.990854 0.000000 0.134940 0.394120 0.394120 0.394120
3282.725342 0.000000 2585.385498 0.000000 0.273285 0.000000 0.961933 0.351542 0.351542 0.351542
3304.309814 0.000000 2582.479004 0.000000 0.995322 0.000000 -0.096611 0.404445 0.404445 0.404445
3313.111328 0.000000 2576.144043 0.000000 0.821411 0.000000 0.570337 0.350908 0.350908 0.350908
3289.502441 0.000000 2574.441650 0.000000 0.892798 0.000000 -0.450456 0.436864 0.436864 0.436864
3281.357178 0.000000 2570.443604 0.000000 0.432652 0.000000 0.901561 0.356810 0.356810 0.356810
3307.962891 0.000000 2575.176514 0.000000 0.446752 0.000000 -0.894658 0.443139 0.443139 0.443139
3320.841553 0.000000 2589.619385 0.000000 0.787862 0.000000 -0.615852 0.452342 0.452342 0.452342
3307.321777 0.000000 2604.613525 0.000000 0.846283 0.000000 0.532733 0.353433 0.353433 0.353433
3310.050293 0.000000 2600.694336 0.000000 0.969899 0.000000 0.243507 0.379366 0.379366 0.379366
3303.549561 0.000000 2588.288574 0.000000 0.974648 0.000000 -0.223745 0.418816 0.418816 0.418816
3284.696045 0.000000 2562.732422 0.000000 0.203153 0.000000 0.979147 0.335876 0.335876 0.335876
3301.556152 0.000000 2586.277588 0.000000 0.163110 0.000000 -0.986608 0.515211 0.515211 0.515211
3286.687500 0.000000 2593.850098 0.000000 0.979514 0.000000 -0.201376 0.410124 0.410124 0.410124
3305.644287 0.000000 2573.944824 0.000000 0.044828 0.000000 -0.998995 0.515050 0.515050 0.515050
3266.928711 0.000000 2563.394775 0.000000 0.000350 0.000000 1.000000 0.272970 0.272970 0.272970
3305.591064 0.000000 2587.176758 0.000000 0.531091 0.000000 -0.847315 0.461076 0.461076 0.461076
3294.372070 0.000000 2621.639160 0.000000 0.610045 0.000000 0.792366 0.333777 0.333777 0.333777
3293.129639 0.000000 2597.459229 0.000000 0.429760 0.000000 -0.902943 0.478188 0.478188 0.478188
3327.981445 0.000000 2569.215332 0.000000 0.569619 0.000000 -0.821909 0.453470 0.453470 0.453470
3280.452393 0.000000 2572.535400 0.000000 0.855660 0.000000 0.517539 0.367678 0.367678 0.367678
3302.786133 0.000000 2604.403076 0.000000 0.833400 0.000000 0.552671 0.361406 0.361406 0.361406
3321.476807 0.000000 2566.478516 0.000000 0.218563 0.000000 0.975823 0.297507 0.297507 0.297507
3314.036865 0.000000 2580.506348 0.000000 0.258861 0.000000 0.965915 0.313075 0.313075 0.313075
3316.954102 0.000000 2561.288330 0.000000 0.081561 0.000000 -0.996668 0.478072 0.478072 0.478072
3282.518311 0.000000 2610.261475 0.000000 0.954876 0.000000 0.297005 0.383889 0.383889 0.383889
3308.927002 0.000000 2598.741455 0.000000 0.322638 0.000000 -0.946523 0.489321 0.489321 0.489321
3309.095215 0.000000 2566.429688 0.000000 0.998701 0.000000 -0.050954 0.403462 0.403462 0.403462
3327.129150 0.000000 2573.933594 0.000000 0.472557 0.000000 0.881300 0.332680 0.332680 0.332680
3235.497070 0.000000 2624.566162 0.000000 0.970458 0.000000 0.241271 0.370678 0.370678 0.370678
3255.376709 0.000000 2644.529785 0.000000 0.813817 0.000000 0.581121 0.328477 0.328477 0.328477
3222.726562 0.000000 2638.325928 0.000000 0.999794 0.000000 0.020291 0.397548 0.397548 0.397548
3256.699219 0.000000 2663.607178 0.000000 0.422294 0.000000 -0.906459 0.528624 0.528624 0.528624
3237.095703 0.000000 2681.050781 0.000000 0.218730 0.000000 -0.975785 0.416855 0.416855 0.416855
3203.025879 0.000000 2653.487305 0.000000 0.657043 0.000000 -0.753853 0.411512 0.411512 0.411512
3212.211670 0.000000 2669.101074 0.000000 0.906873 0.000000 0.421405 0.352000 0.352000 0.352000
3254.080322 0.000000 2686.430176 0.000000 0.573311 0.000000 -0.819338 0.416302 0.416302 0.416302
3239.417480 0.000000 2632.753906 0.000000 0.844901 0.000000 0.534922 0.386473 0.386473 0.386473
3205.248779 0.000000 2665.675781 0.000000 0.543630 0.000000 -0.839325 0.425861 0.425861 0.425861
3207.334717 0.000000 2670.736328 0.000000 0.431744 0.000000 -0.901996 0.433123 0.433123 0.433123
3250.858154 0.000000 2687.878418 0.000000 0.869933 0.000000 -0.493170 0.411588 0.411588 0.411588
3200.023926 0.000000 2652.332275 0.000000 0.361801 0.000000 -0.932256 0.430573 0.430573 0.430573
3231.928711 0.000000 2687.411377 0.000000 0.715996 0.000000 0.698104 0.377235 0.377235 0.377235
3232.272949 0.000000 2624.253662 0.000000 0.928495 0.000000 0.371345 0.385183 0.385183 0.385183
3259.648193 0.000000 2677.040283 0.000000 0.518872 0.000000 0.854852 0.301710 0.301710 0.301710
3205.870850 0.000000 2679.686035 0.000000 0.958245 0.000000 -0.285948 0.410860 0.410860 0.410860
3232.840820 0.000000 2661.822021 0.000000 0.493833 0.000000 -0.869557 0.493703 0.493703 0.493703
3231.893311 0.000000 2649.480469 0.000000 0.539998 0.000000 0.841666 0.366035 0.366035 0.366035
3227.829346 0.000000 2658.998291 0.000000 0.948098 0.000000 -0.317978 0.429891 0.429891 0.429891
3240.175781 0.000000 2670.330566 0.000000 0.771058 0.000000 -0.636765 0.423782 0.423782 0.423782
3223.152832 0.000000 2652.548096 0.000000 0.988156 0.000000 0.153453 0.394615 0.394615 0.394615
3204.095703 0.000000 2640.938477 0.000000 0.746491 0.000000 0.665396 0.338203 0.338203 0.338203
3214.434082 0.000000 2667.553955 0.000000 0.785235 0.000000 0.619198 0.371328 0.371328 0.371328
3227.092285 0.000000 2682.222900 0.000000 0.634113 0.000000 -0.773241 0.435750 0.435750 0.435750
3242.232910 0.000000 2634.592529 0.000000 0.198027 0.000000 0.980197 0.289751 0.289751 0.289751
3258.024170 0.000000 2668.877197 0.000000 0.847397 0.000000 0.530959 0.374288 0.374288 0.374288
3259.354004 0.000000 2687.139893 0.000000 0.165817 0.000000 -0.986157 0.472918 0.472918 0.472918
3211.019043 0.000000 2646.267578 0.000000 0.473376 0.000000 -0.880860 0.441971 0.441971 0.441971
3208.166016 0.000000 2656.014404 0.000000 0.946111 0.000000 0.323842 0.373653 0.373653 0.373653
3235.559570 0.000000 2655.153320 0.000000 0.988399 0.000000 -0.151880 0.407689 0.407689 0.407689
3207.254883 0.000000 2676.158447 0.000000 0.589085 0.000000 -0.808071 0.444630 0.444630 0.444630
3239.914551 0.000000 2656.415039 0.000000 0.668616 0.000000 0.743608 0.336784 0.336784 0.336784
3262.191895 0.000000 2651.004883 0.000000 0.586631 0.000000 0.809854 0.317051 0.317051 0.317051
3254.006348 0.000000 2642.454102 0.000000 0.457661 0.000000 -0.889127 0.474387 0.474387 0.474387
3256.498535 0.000000 2635.837402 0.000000 0.405160 0.000000 0.914246 0.314748 0.314748 0.314748
3227.458008 0.000000 2684.812012 0.000000 0.968246 0.000000 -0.250000 0.419682 0.419682 0.419682
3229.342285 0.000000 2666.044189 0.000000 0.718148 0.000000 -0.695890 0.446884 0.446884 0.446884
3233.141113 0.000000 2634.909180 0.000000 0.817279 0.000000 0.576243 0.351551 0.351551 0.351551
3235.754639 0.000000 2683.327393 0.000000 0.935213 0.000000 -0.354086 0.417891 0.417891 0.417891
3260.650391 0.000000 2647.208740 0.000000 0.753317 0.000000 0.657657 0.348397 0.348397 0.348397
3214.705811 0.000000 2641.071777 0.000000 0.191936 0.000000 -0.981407 0.472227 0.472227 0.472227
3230.372070 0.000000 2685.639160 0.000000 0.221639 0.000000 0.975129 0.298419 0.298419 0.298419
3227.232666 0.000000 2626.011719 0.000000 0.991343 0.000000 -0.131299 0.406838 0.406838 0.406838
3240.944580 0.000000 2673.631592 0.000000 0.698527 0.000000 0.715584 0.341069 0.341069 0.341069
3209.458496 0.000000 2676.552490 0.000000 0.924311 0.000000 0.381641 0.378884 0.378884 0.378884
3231.436279 0.000000 2670.529785 0.000000 0.872325 0.000000 -0.488927 0.431630 0.431630 0.431630
3257.252197 0.000000 2640.563721 0.000000 0.663130 0.000000 0.748504 0.337919 0.337919 0.337919
3221.890869 0.000000 2673.067383 0.000000 0.356606 0.000000 -0.934255 0.474679 0.474679 0.474679
3256.390137 0.000000 2642.662354 0.000000 0.981624 0.000000 -0.190827 0.413326 0.413326 0.413326
3213.405518 0.000000 2624.711426 0.000000 0.072167 0.000000 0.997393 0.304972 0.304972 0.304972
3301.349609 0.000000 2657.140137 0.000000 0.959729 0.000000 -0.280929 0.433271 0.433271 0.433271
3264.712646 0.000000 2658.175537 0.000000 0.894061 0.000000 -0.447946 0.452876 0.452876 0.452876
3294.934082 0.000000 2652.268066 0.000000 0.942988 0.000000 -0.332826 0.438288 0.438288 0.438288
3317.523926 0.000000 2654.232178 0.000000 0.999679 0.000000 -0.025348 0.400215 0.400215 0.400215
3320.699219 0.000000 2663.607178 0.000000 0.663207 0.000000 -0.748436 0.407601 0.407601 0.407601
3274.125244 0.000000 2648.783691 0.000000 0.606942 0.000000 0.794746 0.383947 0.383947 0.383947
3319.952393 0.000000 2659.111816 0.000000 0.939689 0.000000 0.342029 0.393551 0.393551 0.393551
3305.210205 0.000000 2658.904785 0.000000 0.039734 0.000000 -0.999210 0.433637 0.433637 0.433637
3272.186768 0.000000 2660.134277 0.000000 0.720067 0.000000 0.693905 0.378557 0.378557 0.378557
3325.952393 0.000000 2656.699219 0.000000 0.266910 0.000000 -0.963721 0.430522 0.430522 0.430522
3302.725830 0.000000 2673.065430 0.000000 0.966210 0.000000 0.257756 0.392711 0.392711 0.392711
3267.786621 0.000000 2685.273926 0.000000 0.730153 0.000000 -0.683284 0.476248 0.476248 0.476248
3301.543457 0.000000 2647.342041 0.000000 0.685553 0.000000 0.728023 0.319384 0.319384 0.319384
3280.745361 0.000000 2673.017822 0.000000 0.018335 0.000000 -0.999832 0.555032 0.555032 0.555032
3269.467529 0.000000 2674.112061 0.000000 0.969304 0.000000 0.245866 0.375565 0.375565 0.375565
3277.388672 0.000000 2686.958984 0.000000 0.672754 0.000000 -0.739866 0.429526 0.429526 0.429526
3327.100098 0.000000 2682.470459 0.000000 0.360958 0.000000 -0.932582 0.518784 0.518784 0.518784
3279.138184 0.000000 2677.559326 0.000000 0.998333 0.000000 0.057715 0.394233 0.394233 0.394233
3309.360352 0.000000 2670.471680 0.000000 0.811180 0.000000 -0.584797 0.457387 0.457387 0.457387
3301.385498 0.000000 2637.613525 0.000000 0.112563 0.000000 -0.993645 0.444407 0.444407 0.444407
3302.862305 0.000000 2660.513672 0.000000 0.300282 0.000000 -0.953851 0.441714 0.441714 0.441714
3294.410400 0.000000 2656.941895 0.000000 0.998168 0.000000 -0.060503 0.402448 0.402448 0.402448
3266.628174 0.000000 2647.326172 0.000000 0.323650 0.000000 0.946177 0.344223 0.344223 0.344223
3264.415039 0.000000 2655.452881 0.000000 0.944764 0.000000 0.327752 0.385995 0.385995 0.385995
3269.806641 0.000000 2654.691162 0.000000 0.553675 0.000000 0.832733 0.363150 0.363150 0.363150
3314.623047 0.000000 2672.116699 0.000000 0.999975 0.000000 0.007081 0.399445 0.399445 0.399445
3299.559570 0.000000 2655.153320 0.000000 0.457771 0.000000 0.889070 0.351873 0.351873 0.351873
3297.335938 0.000000 2647.397949 0.000000 0.524096 0.000000 0.851659 0.326723 0.326723 0.326723
3265.896240 0.000000 2677.310303 0.000000 0.907929 0.000000 0.419124 0.362642 0.362642 0.362642
3277.817627 0.000000 2662.457031 0.000000 0.999792 0.000000 -0.020402 0.400937 0.400937 0.400937
3314.907471 0.000000 2654.654053 0.000000 0.567657 0.000000 -0.823265 0.481128 0.481128 0.481128
3318.006348 0.000000 2642.454102 0.000000 0.878139 0.000000 -0.478406 0.422915 0.422915 0.422915
3267.484131 0.000000 2680.417969 0.000000 0.952960 0.000000 0.303097 0.373861 0.373861 0.373861
3325.251465 0.000000 2642.173584 0.000000 0.834733 0.000000 -0.550655 0.444840 0.444840 0.444840
3291.458008 0.000000 2684.812012 0.000000 0.675712 0.000000 0.737166 0.342473 0.342473 0.342473
3264.084961 0.000000 2665.292480 0.000000 0.884612 0.000000 0.466327 0.375050 0.375050 0.375050
3275.688965 0.000000 2682.299561 0.000000 0.722405 0.000000 -0.691471 0.441936 0.441936 0.441936
3304.944580 0.000000 2673.631592 0.000000 0.429574 0.000000 0.903032 0.321797 0.321797 0.321797
3305.375977 0.000000 2665.206055 0.000000 0.858519 0.000000 -0.512782 0.440595 0.440595 0.440595
3314.186768 0.000000 2680.689697 0.000000 0.862984 0.000000 -0.505231 0.436231 0.436231 0.436231
3325.418213 0.000000 2632.048340 0.000000 0.644626 0.000000 -0.764498 0.446060 0.446060 0.446060
3321.258789 0.000000 2649.535889 0.000000 0.013642 0.000000 -0.999907 0.487080 0.487080 0.487080
3274.508545 0.000000 2667.506348 0.000000 0.976525 0.000000 -0.215404 0.411707 0.411707 0.411707
3302.188232 0.000000 2654.961670 0.000000 0.660766 0.000000 -0.750592 0.454258 0.454258 0.454258
3298.254395 0.000000 2639.647949 0.000000 0.130345 0.000000 0.991469 0.325938 0.325938 0.325938
3305.259033 0.000000 2677.231201 0.000000 0.957533 0.000000 0.288323 0.383498 0.383498 0.383498
3307.191650 0.000000 2666.497803 0.000000 0.684917 0.000000 0.728621 0.350682 0.350682 0.350682
3313.539307 0.000000 2661.343262 0.000000 0.985837 0.000000 -0.167706 0.411526 0.411526 0.411526
3273.286865 0.000000 2665.684326 0.000000 0.918074 0.000000 0.396410 0.373542 0.373542 0.373542
3327.178223 0.000000 2658.425781 0.000000 0.871694 0.000000 0.490051 0.365222 0.365222 0.365222
3284.018555 0.000000 2677.322510 0.000000 0.973598 0.000000 -0.228268 0.414719 0.414719 0.414719
3293.637451 0.000000 2637.138672 0.000000 0.508163 0.000000 -0.861261 0.465806 0.465806 0.465806
3289.959473 0.000000 2675.441162 0.000000 0.847880 0.000000 0.530188 0.362611 0.362611 0.362611
3132.463379 0.000000 2731.821045 0.000000 0.497264 0.000000 0.867600 0.277278 0.277278 0.277278
3101.504639 0.000000 2689.727539 0.000000 0.845966 0.000000 -0.533237 0.404212 0.404212 0.404212
3116.443604 0.000000 2700.538574 0.000000 0.882132 0.000000 0.471002 0.345393 0.345393 0.345393
3106.571045 0.000000 2743.112549 0.000000 0.780083 0.000000 0.625677 0.376710 0.376710 0.376710
3107.974365 0.000000 2696.327637 0.000000 0.445597 0.000000 -0.895234 0.498007 0.498007 0.498007
3096.821777 0.000000 2741.130615 0.000000 0.399090 0.000000 0.916912 0.291085 0.291085 0.291085
3115.321777 0.000000 2732.613525 0.000000 0.542105 0.000000 0.840311 0.355158 0.355158 0.355158
3104.013184 0.000000 2748.025635 0.000000 0.700253 0.000000 0.713894 0.361891 0.361891 0.361891
3107.069092 0.000000 2694.123535 0.000000 0.643551 0.000000 0.765403 0.332974 0.332974 0.332974
3108.208984 0.000000 2709.414795 0.000000 0.965433 0.000000 -0.260651 0.414878 0.414878 0.414878
3115.452881 0.000000 2723.093018 0.000000 0.556165 0.000000 -0.831072 0.453882 0.453882 0.453882
3155.637207 0.000000 2697.028809 0.000000 0.642987 0.000000 -0.765877 0.501059 0.501059 0.501059
3191.376709 0.000000 2708.529785 0.000000 0.651539 0.000000 -0.758615 0.495030 0.495030 0.495030
3158.067627 0.000000 2732.634521 0.000000 0.913122 0.000000 0.407686 0.395807 0.395807 0.395807
3139.764160 0.000000 2735.516113 0.000000 0.996097 0.000000 -0.088261 0.401103 0.401103 0.401103
3162.162354 0.000000 2715.509766 0.000000 0.997918 0.000000 0.064493 0.392878 0.392878 0.392878
3169.121826 0.000000 2720.121582 0.000000 0.994547 0.000000 -0.104286 0.401826 0.401826 0.401826
3166.089600 0.000000 2727.723145 0.000000 0.965882 0.000000 -0.258982 0.405755 0.405755 0.405755
3140.930664 0.000000 2732.693848 0.000000 0.138385 0.000000 0.990378 0.258431 0.258431 0.258431
3158.441162 0.000000 2696.117188 0.000000 0.672523 0.000000 0.740077 0.375871 0.375871 0.375871
3156.637451 0.000000 2739.133301 0.000000 0.029396 0.000000 0.999568 0.346895 0.346895 0.346895
3160.890625 0.000000 2731.964600 0.000000 0.672476 0.000000 -0.740119 0.431620 0.431620 0.431620
3171.974365 0.000000 2696.327637 0.000000 0.904752 0.000000 0.425939 0.381326 0.381326 0.381326
3161.527588 0.000000 2695.397217 0.000000 0.802309 0.000000 -0.596909 0.429064 0.429064 0.429064
3183.066406 0.000000 2702.245850 0.000000 0.912520 0.000000 -0.409032 0.435138 0.435138 0.435138
3185.111328 0.000000 2704.144043 0.000000 0.998751 0.000000 0.049974 0.398153 0.398153 0.398153
3181.615234 0.000000 2696.481934 0.000000 0.277656 0.000000 0.960680 0.342699 0.342699 0.342699
3196.294434 0.000000 2717.041016 0.000000 0.988853 0.000000 0.148896 0.392314 0.392314 0.392314
3186.477783 0.000000 2694.194336 0.000000 0.942740 0.000000 0.333528 0.383361 0.383361 0.383361
3181.479980 0.000000 2711.074219 0.000000 0.579889 0.000000 0.814695 0.361014 0.361014 0.361014
3182.923584 0.000000 2715.677002 0.000000 0.731391 0.000000 0.681958 0.345294 0.345294 0.345294
3188.535400 0.000000 2715.741211 0.000000 0.614091 0.000000 0.789236 0.354585 0.354585 0.354585
3146.408936 0.000000 2718.619873 0.000000 0.764597 0.000000 -0.644509 0.454554 0.454554 0.454554
3195.440430 0.000000 2703.945068 0.000000 0.174584 0.000000 0.984642 0.339388 0.339388 0.339388
3169.335938 0.000000 2711.397949 0.000000 0.442171 0.000000 0.896931 0.348327 0.348327 0.348327
3190.006348 0.000000 2706.454102 0.000000 0.969732 0.000000 -0.244170 0.413794 0.413794 0.413794
3165.998535 0.000000 2705.651611 0.000000 0.627172 0.000000 0.778880 0.324656 0.324656 0.324656
3190.117432 0.000000 2691.095947 0.000000 0.996416 0.000000 -0.084592 0.404821 0.404821 0.404821
3173.940186 0.000000 2698.897705 0.000000 0.543976 0.000000 -0.839101 0.455181 0.455181 0.455181
3165.129639 0.000000 2725.459229 0.000000 0.791313 0.000000 -0.611411 0.450255 0.450255 0.450255
3163.232666 0.000000 2690.011719 0.000000 0.326954 0.000000 -0.945040 0.485903 0.485903 0.485903
3154.337402 0.000000 2694.711670 0.000000 0.880444 0.000000 0.474149 0.372128 0.372128 0.372128
3149.905029 0.000000 2695.240967 0.000000 0.489190 0.000000 0.872177 0.333864 0.333864 0.333864
3164.133301 0.000000 2688.063477 0.000000 0.585287 0.000000 -0.810826 0.464209 0.464209 0.464209
3175.047119 0.000000 2722.402344 0.000000 0.986466 0.000000 -0.163964 0.410527 0.410527 0.410527
3180.365723 0.000000 2698.361084 0.000000 0.485743 0.000000 0.874102 0.325121 0.325121 0.325121
3074.849609 0.000000 2778.401367 0.000000 0.960516 0.000000 -0.278223 0.408306 0.408306 0.408306
3099.008545 0.000000 2761.677246 0.000000 0.750393 0.000000 0.660992 0.365746 0.365746 0.365746
3082.748779 0.000000 2787.632812 0.000000 0.717687 0.000000 -0.696365 0.443848 0.443848 0.443848
3096.026123 0.000000 2768.245850 0.000000 0.607581 0.000000 -0.794258 0.454991 0.454991 0.454991
3092.252930 0.000000 2792.385742 0.000000 0.810353 0.000000 0.585941 0.361239 0.361239 0.361239
3237.349609 0.000000 2721.140137 0.000000 0.909727 0.000000 -0.415207 0.453447 0.453447 0.453447
3245.650391 0.000000 2740.468506 0.000000 0.062497 0.000000 -0.998045 0.571704 0.571704 0.571704
3221.572998 0.000000 2688.357666 0.000000 0.499924 0.000000 -0.866069 0.403138 0.403138 0.403138
3261.275879 0.000000 2724.162109 0.000000 0.343655 0.000000 0.939096 0.264159 0.264159 0.264159
3203.025879 0.000000 2717.487305 0.000000 0.992914 0.000000 -0.118832 0.401189 0.401189 0.401189
3224.600586 0.000000 2698.100098 0.000000 0.884868 0.000000 -0.465842 0.407017 0.407017 0.407017
3204.120850 0.000000 2689.254639 0.000000 0.757861 0.000000 -0.652416 0.416325 0.416325 0.416325
3211.433594 0.000000 2729.447021 0.000000 0.904530 0.000000 -0.426410 0.411438 0.411438 0.411438
3252.878174 0.000000 2721.461426 0.000000 0.980990 0.000000 -0.194059 0.406338 0.406338 0.406338
3259.648193 0.000000 2741.040283 0.000000 0.843010 0.000000 -0.537898 0.419567 0.419567 0.419567
3257.664062 0.000000 2743.247559 0.000000 0.074379 0.000000 -0.997230 0.442587 0.442587 0.442587
3223.735352 0.000000 2690.405029 0.000000 0.967117 0.000000 -0.254331 0.410272 0.410272 0.410272
3232.840820 0.000000 2725.822021 0.000000 0.043404 0.000000 0.999058 0.344328 0.344328 0.344328
3226.852783 0.000000 2712.675537 0.000000 0.987922 0.000000 0.154950 0.385318 0.385318 0.385318
3262.933350 0.000000 2741.930420 0.000000 0.402901 0.000000 0.915243 0.349779 0.349779 0.349779
3252.455566 0.000000 2702.905273 0.000000 0.229355 0.000000 0.973343 0.274272 0.274272 0.274272
3229.908691 0.000000 2693.035156 0.000000 0.999997 0.000000 -0.002275 0.400081 0.400081 0.400081
3258.520508 0.000000 2738.185059 0.000000 0.815092 0.000000 0.579332 0.378403 0.378403 0.378403
3258.773682 0.000000 2722.637207 0.000000 0.274144 0.000000 -0.961689 0.448424 0.448424 0.448424
3223.152832 0.000000 2716.548096 0.000000 0.987563 0.000000 -0.157223 0.413953 0.413953 0.413953
3242.466064 0.000000 2712.355469 0.000000 0.565115 0.000000 0.825012 0.352525 0.352525 0.352525
3202.628174 0.000000 2711.326172 0.000000 0.280704 0.000000 -0.959794 0.507897 0.507897 0.507897
3204.095703 0.000000 2704.938477 0.000000 0.157500 0.000000 -0.987519 0.471240 0.471240 0.471240
3243.962891 0.000000 2703.176514 0.000000 0.426944 0.000000 -0.904278 0.491942 0.491942 0.491942
3242.232910 0.000000 2698.592529 0.000000 0.575665 0.000000 0.817685 0.365104 0.365104 0.365104
3241.066406 0.000000 2707.226807 0.000000 0.911260 0.000000 -0.411831 0.437513 0.437513 0.437513
3211.019043 0.000000 2710.267578 0.000000 0.944973 0.000000 0.327149 0.371876 0.371876 0.371876
3250.477783 0.000000 2694.194336 0.000000 0.705168 0.000000 -0.709041 0.458635 0.458635 0.458635
3245.479980 0.000000 2711.074219 0.000000 0.092514 0.000000 0.995711 0.332837 0.332837 0.332837
3248.187012 0.000000 2730.112305 0.000000 0.582008 0.000000 0.813183 0.352586 0.352586 0.352586
3253.947998 0.000000 2740.438965 0.000000 0.893576 0.000000 0.448912 0.378382 0.378382 0.378382
3233.335938 0.000000 2711.397949 0.000000 0.897716 0.000000 -0.440574 0.424147 0.424147 0.424147
3237.556152 0.000000 2714.277588 0.000000 0.704977 0.000000 -0.709230 0.441334 0.441334 0.441334
3239.393066 0.000000 2703.058594 0.000000 0.072599 0.000000 0.997361 0.274331 0.274331 0.274331
3254.117432 0.000000 2691.095947 0.000000 0.956665 0.000000 -0.291190 0.417261 0.417261 0.417261
3222.687500 0.000000 2721.850098 0.000000 0.013472 0.000000 -0.999909 0.487090 0.487090 0.487090
3205.002197 0.000000 2709.888672 0.000000 0.386546 0.000000 0.922270 0.306217 0.306217 0.306217
3220.507324 0.000000 2719.782227 0.000000 0.320512 0.000000 0.947244 0.298090 0.298090 0.298090
3255.374512 0.000000 2734.087402 0.000000 0.533080 0.000000 0.846065 0.338059 0.338059 0.338059
3235.069092 0.000000 2694.123535 0.000000 0.751236 0.000000 0.660033 0.360767 0.360767 0.360767
3238.188232 0.000000 2718.961670 0.000000 0.206540 0.000000 -0.978438 0.489137 0.489137 0.489137
3253.523193 0.000000 2693.213379 0.000000 0.835548 0.000000 -0.549417 0.436014 0.436014 0.436014
3247.367432 0.000000 2738.069336 0.000000 0.204308 0.000000 0.978907 0.300490 0.300490 0.300490
3256.225830 0.000000 2690.558105 0.000000 0.622073 0.000000 0.782959 0.340272 0.340272 0.340272
3244.365723 0.000000 2698.361084 0.000000 0.988359 0.000000 0.152141 0.390849 0.390849 0.390849
3305.543945 0.000000 2704.418701 0.000000 0.697763 0.000000 -0.716329 0.491305 0.491305 0.491305
3283.627441 0.000000 2726.229980 0.000000 0.945253 0.000000 0.326337 0.359500 0.359500 0.359500
3272.257080 0.000000 2731.504150 0.000000 0.424176 0.000000 0.905580 0.273308 0.273308 0.273308
3314.746094 0.000000 2729.668457 0.000000 0.673509 0.000000 -0.739179 0.409138 0.409138 0.409138
3276.546875 0.000000 2717.193848 0.000000 0.897100 0.000000 -0.441827 0.408226 0.408226 0.408226
3315.606689 0.000000 2691.285156 0.000000 0.481497 0.000000 -0.876448 0.519499 0.519499 0.519499
3311.768066 0.000000 2743.587402 0.000000 0.757327 0.000000 0.653036 0.385788 0.385788 0.385788
3279.162842 0.000000 2702.655762 0.000000 0.865224 0.000000 0.501386 0.384004 0.384004 0.384004
3307.883545 0.000000 2720.944336 0.000000 0.966773 0.000000 -0.255635 0.408519 0.408519 0.408519
3301.543457 0.000000 2711.342041 0.000000 0.977497 0.000000 0.210949 0.378244 0.378244 0.378244
3312.612061 0.000000 2706.905029 0.000000 0.403660 0.000000 -0.914909 0.450185 0.450185 0.450185
3316.455566 0.000000 2702.905273 0.000000 0.459812 0.000000 0.888016 0.362343 0.362343 0.362343
3302.862305 0.000000 2724.513672 0.000000 0.629849 0.000000 0.776717 0.365360 0.365360 0.365360
3288.890625 0.000000 2731.964600 0.000000 0.994984 0.000000 0.100030 0.395848 0.395848 0.395848
3306.466064 0.000000 2712.355469 0.000000 0.733712 0.000000 0.679460 0.337336 0.337336 0.337336
3266.628174 0.000000 2711.326172 0.000000 0.708819 0.000000 0.705391 0.367161 0.367161 0.367161
3271.838379 0.000000 2710.906494 0.000000 0.989110 0.000000 0.147181 0.394616 0.394616 0.394616
3309.615234 0.000000 2696.481934 0.000000 0.991646 0.000000 -0.128987 0.410333 0.410333 0.410333
3281.186279 0.000000 2727.220947 0.000000 0.996481 0.000000 -0.083819 0.404316 0.404316 0.404316
3293.050293 0.000000 2714.360352 0.000000 0.685604 0.000000 -0.727975 0.471653 0.471653 0.471653
3323.440430 0.000000 2703.945068 0.000000 0.998401 0.000000 0.056536 0.396837 0.396837 0.396837
3297.335938 0.000000 2711.397949 0.000000 0.032530 0.000000 -0.999471 0.533644 0.533644 0.533644
3301.556152 0.000000 2714.277588 0.000000 0.833191 0.000000 0.552985 0.369573 0.369573 0.369573
3318.006348 0.000000 2706.454102 0.000000 0.393826 0.000000 -0.919185 0.471610 0.471610 0.471610
3317.933594 0.000000 2697.676025 0.000000 0.945878 0.000000 0.324522 0.375906 0.375906 0.375906
3293.998535 0.000000 2705.651611 0.000000 0.510058 0.000000 -0.860140 0.467735 0.467735 0.467735
3264.084961 0.000000 2729.292480 0.000000 0.999569 0.000000 0.029373 0.397844 0.397844 0.397844
3282.127686 0.000000 2720.360596 0.000000 0.683338 0.000000 0.730102 0.346464 0.346464 0.346464
3318.117432 0.000000 2691.095947 0.000000 0.405178 0.000000 -0.914238 0.491010 0.491010 0.491010
3295.193359 0.000000 2718.642578 0.000000 0.600998 0.000000 -0.799250 0.466121 0.466121 0.466121
3312.499023 0.000000 2718.730225 0.000000 0.189063 0.000000 -0.981965 0.509605 0.509605 0.509605
3266.928711 0.000000 2691.394775 0.000000 0.504642 0.000000 0.863329 0.318329 0.318329 0.318329
3300.208984 0.000000 2709.414795 0.000000 0.987169 0.000000 0.159680 0.387509 0.387509 0.387509
3320.013184 0.000000 2702.074707 0.000000 0.065117 0.000000 0.997878 0.288737 0.288737 0.288737
3293.129639 0.000000 2725.459229 0.000000 0.984459 0.000000 0.175613 0.388806 0.388806 0.388806
3288.088867 0.000000 2700.448730 0.000000 0.737084 0.000000 0.675801 0.347017 0.347017 0.347017
3274.748779 0.000000 2723.632812 0.000000 0.971345 0.000000 0.237674 0.386101 0.386101 0.386101
3280.518555 0.000000 2730.711426 0.000000 0.859214 0.000000 0.511616 0.362457 0.362457 0.362457
3321.252197 0.000000 2704.563721 0.000000 0.881354 0.000000 -0.472457 0.424816 0.424816 0.424816
3277.905029 0.000000 2695.240967 0.000000 0.997687 0.000000 -0.067981 0.405027 0.405027 0.405027
3282.242432 0.000000 2703.581055 0.000000 0.950495 0.000000 -0.310740 0.417039 0.417039 0.417039
3273.365967 0.000000 2689.547119 0.000000 0.167775 0.000000 0.985825 0.321584 0.321584 0.321584
3285.859131 0.000000 2726.653564 0.000000 0.917157 0.000000 -0.398526 0.424970 0.424970 0.424970
3320.390137 0.000000 2706.662354 0.000000 0.879447 0.000000 0.475997 0.364578 0.364578 0.364578
3307.357422 0.000000 2741.305176 0.000000 0.775968 0.000000 -0.630772 0.443623 0.443623 0.443623
3320.225830 0.000000 2690.558105 0.000000 0.893413 0.000000 -0.449236 0.425822 0.425822 0.425822
3317.023926 0.000000 2736.562012 0.000000 0.517242 0.000000 0.855839 0.339993 0.339993 0.339993
3272.660156 0.000000 2722.055176 0.000000 0.461120 0.000000 0.887338 0.333508 0.333508 0.333508
3277.405518 0.000000 2688.711426 0.000000 0.329846 0.000000 0.944035 0.322941 0.322941 0.322941
3289.045654 0.000000 2691.978516 0.000000 0.343987 0.000000 0.938974 0.320833 0.320833 0.320833
3328.712646 0.000000 2594.175537 0.000000 0.994047 0.000000 0.108949 0.387136 0.387136 0.387136
3328.499756 0.000000 2611.129639 0.000000 0.985763 0.000000 -0.168143 0.400844 0.400844 0.400844
3333.252441 0.000000 2598.042725 0.000000 0.948148 0.000000 -0.317831 0.403230 0.403230 0.403230
3354.162354 0.000000 2587.509766 0.000000 0.509950 0.000000 -0.860204 0.517386 0.517386 0.517386
3349.874756 0.000000 2614.274414 0.000000 0.305462 0.000000 -0.952204 0.539708 0.539708 0.539708
3349.898193 0.000000 2622.725342 0.000000 0.379846 0.000000 -0.925050 0.429488 0.429488 0.429488
3337.161621 0.000000 2618.236328 0.000000 0.155410 0.000000 0.987850 0.370331 0.370331 0.370331
3348.391357 0.000000 2576.639160 0.000000 0.993229 0.000000 0.116169 0.387908 0.387908 0.387908
3353.099365 0.000000 2593.670410 0.000000 0.980796 0.000000 -0.195037 0.419700 0.419700 0.419700
3366.004639 0.000000 2619.951172 0.000000 0.847492 0.000000 0.530808 0.384634 0.384634 0.384634
3373.261963 0.000000 2609.486816 0.000000 0.099313 0.000000 0.995056 0.350779 0.350779 0.350779
3330.457031 0.000000 2618.742920 0.000000 0.877380 0.000000 -0.479795 0.418490 0.418490 0.418490
3358.410400 0.000000 2592.941895 0.000000 0.999995 0.000000 0.003153 0.399855 0.399855 0.399855
3356.221191 0.000000 2589.343018 0.000000 0.934765 0.000000 0.355267 0.386399 0.386399 0.386399
3342.303711 0.000000 2607.169922 0.000000 0.344711 0.000000 -0.938709 0.459642 0.459642 0.459642
3355.092285 0.000000 2618.222900 0.000000 0.908914 0.000000 -0.416983 0.422980 0.422980 0.422980
3378.623047 0.000000 2608.116699 0.000000 0.817562 0.000000 0.575841 0.371505 0.371505 0.371505
3357.050293 0.000000 2586.360352 0.000000 0.742181 0.000000 -0.670200 0.428972 0.428972 0.428972
3357.194336 0.000000 2606.420654 0.000000 0.234899 0.000000 0.972020 0.324085 0.324085 0.324085
3355.797119 0.000000 2604.270020 0.000000 0.576719 0.000000 0.816943 0.351307 0.351307 0.351307
3337.663330 0.000000 2605.650146 0.000000 0.201295 0.000000 -0.979531 0.477875 0.477875 0.477875
3339.076660 0.000000 2615.520264 0.000000 0.594355 0.000000 -0.804203 0.463447 0.463447 0.463447
3352.618164 0.000000 2599.050781 0.000000 0.841065 0.000000 0.540935 0.368894 0.368894 0.368894
3357.342285 0.000000 2602.044189 0.000000 0.881714 0.000000 -0.471784 0.423550 0.423550 0.423550
3359.193359 0.000000 2590.642578 0.000000 0.561931 0.000000 -0.827184 0.455932 0.455932 0.455932
3349.157471 0.000000 2602.428711 0.000000 0.985408 0.000000 -0.170210 0.412896 0.412896 0.412896
3363.754639 0.000000 2619.327393 0.000000 0.013666 0.000000 0.999907 0.293484 0.293484 0.293484
3348.775391 0.000000 2588.481445 0.000000 0.992253 0.000000 0.124234 0.391542 0.391542 0.391542
3350.142822 0.000000 2580.939209 0.000000 0.949151 0.000000 0.314823 0.374734 0.374734 0.374734
3359.849365 0.000000 2602.270996 0.000000 0.879849 0.000000 0.475252 0.371315 0.371315 0.371315
3366.188232 0.000000 2590.961670 0.000000 0.474732 0.000000 -0.880131 0.472539 0.472539 0.472539
3344.452393 0.000000 2572.535400 0.000000 0.798096 0.000000 -0.602530 0.440684 0.440684 0.440684
3349.323486 0.000000 2606.696045 0.000000 0.754715 0.000000 -0.656052 0.445734 0.445734 0.445734
3348.252930 0.000000 2600.385742 0.000000 0.465415 0.000000 -0.885093 0.465112 0.465112 0.465112
3349.890869 0.000000 2609.067383 0.000000 0.296365 0.000000 0.955075 0.318204 0.318204 0.318204
3336.783936 0.000000 2623.134766 0.000000 0.421520 0.000000 0.906819 0.332521 0.332521 0.332521
3355.987549 0.000000 2608.046387 0.000000 0.993276 0.000000 -0.115770 0.407532 0.407532 0.407532
3331.764160 0.000000 2671.516113 0.000000 0.869505 0.000000 -0.493924 0.407222 0.407222 0.407222
3374.322510 0.000000 2641.055664 0.000000 0.222882 0.000000 0.974845 0.379165 0.379165 0.379165
3375.689453 0.000000 2634.353760 0.000000 0.968509 0.000000 0.248977 0.393844 0.393844 0.393844
3371.747070 0.000000 2652.383545 0.000000 0.977447 0.000000 0.211180 0.393200 0.393200 0.393200
3337.280762 0.000000 2630.682617 0.000000 0.258366 0.000000 -0.966047 0.452960 0.452960 0.452960
3359.893311 0.000000 2649.480469 0.000000 0.976509 0.000000 0.215476 0.393277 0.393277 0.393277
3368.309814 0.000000 2646.479004 0.000000 0.989889 0.000000 0.141842 0.394102 0.394102 0.394102
3374.680176 0.000000 2657.104980 0.000000 0.804650 0.000000 -0.593750 0.422537 0.422537 0.422537
3370.466064 0.000000 2648.355469 0.000000 0.123845 0.000000 0.992302 0.328491 0.328491 0.328491
3363.569336 0.000000 2642.871094 0.000000 0.976073 0.000000 -0.217442 0.411820 0.411820 0.411820
3339.019043 0.000000 2646.267578 0.000000 0.953081 0.000000 0.302714 0.374202 0.374202 0.374202
3378.477783 0.000000 2630.194336 0.000000 0.618966 0.000000 0.785418 0.359404 0.359404 0.359404
3365.556152 0.000000 2650.277588 0.000000 0.724120 0.000000 0.689674 0.362761 0.362761 0.362761
3342.549805 0.000000 2629.160400 0.000000 0.612281 0.000000 0.790640 0.344454 0.344454 0.344454
3381.933594 0.000000 2633.676025 0.000000 0.344386 0.000000 0.938828 0.315382 0.315382 0.315382
3359.094238 0.000000 2638.609375 0.000000 0.690281 0.000000 0.723541 0.347897 0.347897 0.347897
3383.301025 0.000000 2630.958740 0.000000 0.173658 0.000000 -0.984806 0.466230 0.466230 0.466230
3363.069092 0.000000 2630.123535 0.000000 0.920453 0.000000 0.390853 0.380351 0.380351 0.380351
3377.436279 0.000000 2632.522949 0.000000 0.873406 0.000000 -0.486993 0.425143 0.425143 0.425143
3364.208984 0.000000 2645.414795 0.000000 0.224470 0.000000 -0.974481 0.486594 0.486594 0.486594
3369.591064 0.000000 2651.176758 0.000000 0.948142 0.000000 0.317848 0.374482 0.374482 0.374482
3362.254395 0.000000 2639.647949 0.000000 0.228729 0.000000 0.973490 0.316364 0.316364 0.316364
3360.390625 0.000000 2643.297119 0.000000 0.999829 0.000000 -0.018486 0.401218 0.401218 0.401218
"}
