object={
	name="tree_pine_01_b_generator_1_0"
	render_pass=Map
	clamp_to_water_level=no
	generated_content=yes
	layer="tree_high_layer"
	pdxmesh="tree_pine_01_b_mesh"
	count=284
	transform="3477.332520 0.000000 4201.273438 0.000000 0.596325 0.000000 0.802743 0.400000 0.400000 0.400000
3475.420410 0.000000 4193.959961 0.000000 0.986454 0.000000 0.164041 0.400000 0.400000 0.400000
3511.166748 0.000000 4192.214844 0.000000 0.425635 0.000000 0.904895 0.400000 0.400000 0.400000
3500.701660 0.000000 4186.086914 0.000000 0.792609 0.000000 -0.609730 0.400000 0.400000 0.400000
3477.367432 0.000000 4224.181152 0.000000 0.340216 0.000000 -0.940347 0.400000 0.400000 0.400000
3483.903076 0.000000 4187.876465 0.000000 0.091140 0.000000 0.995838 0.400000 0.400000 0.400000
3474.193359 0.000000 4201.255859 0.000000 0.992461 0.000000 0.122559 0.400000 0.400000 0.400000
3519.310791 0.000000 4194.432129 0.000000 0.838990 0.000000 -0.544147 0.400000 0.400000 0.400000
3516.576172 0.000000 4194.841797 0.000000 0.205629 0.000000 -0.978630 0.400000 0.400000 0.400000
3540.968506 0.000000 4228.449707 0.000000 0.995899 0.000000 -0.090469 0.400000 0.400000 0.400000
3551.914307 0.000000 4226.268555 0.000000 0.797928 0.000000 -0.602752 0.400000 0.400000 0.400000
3545.220947 0.000000 4227.629395 0.000000 0.859245 0.000000 -0.511564 0.400000 0.400000 0.400000
3540.470459 0.000000 4231.930176 0.000000 0.652085 0.000000 -0.758146 0.400000 0.400000 0.400000
3548.714355 0.000000 4227.500000 0.000000 0.771041 0.000000 0.636785 0.400000 0.400000 0.400000
3533.170654 0.000000 4214.847656 0.000000 0.384228 0.000000 -0.923238 0.400000 0.400000 0.400000
3543.409912 0.000000 4230.584961 0.000000 0.296039 0.000000 -0.955176 0.400000 0.400000 0.400000
3499.000732 0.000000 4256.128906 0.000000 0.124127 0.000000 0.992266 0.400000 0.400000 0.400000
3511.304199 0.000000 4273.863281 0.000000 0.426133 0.000000 0.904660 0.400000 0.400000 0.400000
3512.900879 0.000000 4256.257812 0.000000 0.985583 0.000000 -0.169195 0.400000 0.400000 0.400000
3513.414551 0.000000 4270.232422 0.000000 0.998302 0.000000 0.058256 0.400000 0.400000 0.400000
3498.984863 0.000000 4252.147461 0.000000 0.902489 0.000000 -0.430713 0.400000 0.400000 0.400000
3518.910645 0.000000 4260.108398 0.000000 0.396311 0.000000 0.918116 0.400000 0.400000 0.400000
3496.478516 0.000000 4251.224609 0.000000 0.989203 0.000000 0.146555 0.400000 0.400000 0.400000
3531.529541 0.000000 4241.854980 0.000000 0.975726 0.000000 0.218995 0.400000 0.400000 0.400000
3520.377197 0.000000 4248.761719 0.000000 0.095429 0.000000 0.995436 0.400000 0.400000 0.400000
3536.917480 0.000000 4232.235352 0.000000 0.527932 0.000000 0.849286 0.400000 0.400000 0.400000
3580.759521 0.000000 4243.443848 0.000000 0.558641 0.000000 -0.829410 0.400000 0.400000 0.400000
3522.295898 0.000000 4240.370117 0.000000 0.999923 0.000000 -0.012371 0.400000 0.400000 0.400000
3534.444336 0.000000 4237.209473 0.000000 0.986908 0.000000 -0.161286 0.400000 0.400000 0.400000
3581.391113 0.000000 4237.980469 0.000000 0.993502 0.000000 0.113811 0.400000 0.400000 0.400000
3540.216064 0.000000 4235.416992 0.000000 0.939624 0.000000 0.342207 0.400000 0.400000 0.400000
3523.906982 0.000000 4272.958984 0.000000 0.662199 0.000000 -0.749328 0.400000 0.400000 0.400000
3578.408447 0.000000 4239.445801 0.000000 0.845825 0.000000 0.533461 0.400000 0.400000 0.400000
3516.353516 0.000000 4278.510742 0.000000 0.696625 0.000000 0.717435 0.400000 0.400000 0.400000
3518.927979 0.000000 4278.151367 0.000000 0.940524 0.000000 -0.339727 0.400000 0.400000 0.400000
3520.056885 0.000000 4278.552734 0.000000 0.957548 0.000000 -0.288275 0.400000 0.400000 0.400000
3527.156738 0.000000 4285.084961 0.000000 0.399602 0.000000 0.916689 0.400000 0.400000 0.400000
3561.998535 0.000000 4281.290527 0.000000 0.562493 0.000000 0.826802 0.400000 0.400000 0.400000
3570.044678 0.000000 4295.801758 0.000000 0.901876 0.000000 0.431995 0.400000 0.400000 0.400000
3568.376221 0.000000 4292.741211 0.000000 0.438990 0.000000 0.898492 0.400000 0.400000 0.400000
3524.419922 0.000000 4284.562500 0.000000 0.902519 0.000000 0.430649 0.400000 0.400000 0.400000
3584.380859 0.000000 4219.485352 0.000000 0.998920 0.000000 -0.046463 0.400000 0.400000 0.400000
3592.825439 0.000000 4218.309082 0.000000 0.896687 0.000000 0.442666 0.400000 0.400000 0.400000
3588.531006 0.000000 4223.556641 0.000000 0.330511 0.000000 -0.943802 0.400000 0.400000 0.400000
3599.644775 0.000000 4225.188477 0.000000 0.556506 0.000000 -0.830844 0.400000 0.400000 0.400000
3596.014404 0.000000 4230.589355 0.000000 0.079833 0.000000 0.996808 0.400000 0.400000 0.400000
3588.560059 0.000000 4217.642578 0.000000 0.999976 0.000000 0.006958 0.400000 0.400000 0.400000
3612.714355 0.000000 4227.500000 0.000000 0.802897 0.000000 -0.596118 0.400000 0.400000 0.400000
3587.313477 0.000000 4220.643066 0.000000 0.438513 0.000000 -0.898725 0.400000 0.400000 0.400000
3614.872070 0.000000 4229.376465 0.000000 0.776806 0.000000 0.629739 0.400000 0.400000 0.400000
3592.395020 0.000000 4234.013672 0.000000 0.048918 0.000000 -0.998803 0.400000 0.400000 0.400000
3586.295898 0.000000 4240.370117 0.000000 0.136655 0.000000 0.990619 0.400000 0.400000 0.400000
3616.150635 0.000000 4234.068848 0.000000 0.959791 0.000000 -0.280716 0.400000 0.400000 0.400000
3618.142334 0.000000 4240.778809 0.000000 0.939809 0.000000 0.341700 0.400000 0.400000 0.400000
3617.599609 0.000000 4237.588379 0.000000 0.570837 0.000000 0.821063 0.400000 0.400000 0.400000
3595.533447 0.000000 4234.888184 0.000000 0.860054 0.000000 0.510202 0.400000 0.400000 0.400000
3181.271973 0.000000 4499.504883 0.000000 0.938786 0.000000 0.344501 0.400000 0.400000 0.400000
3180.517578 0.000000 4492.009766 0.000000 0.589301 0.000000 -0.807914 0.400000 0.400000 0.400000
3189.979492 0.000000 4500.852539 0.000000 0.929947 0.000000 -0.367693 0.400000 0.400000 0.400000
3198.537598 0.000000 4501.369629 0.000000 0.991640 0.000000 0.129032 0.400000 0.400000 0.400000
3220.968506 0.000000 4504.449707 0.000000 0.998600 0.000000 0.052890 0.400000 0.400000 0.400000
3245.271973 0.000000 4499.504883 0.000000 0.020762 0.000000 0.999784 0.400000 0.400000 0.400000
3230.212158 0.000000 4486.437500 0.000000 0.944715 0.000000 -0.327892 0.400000 0.400000 0.400000
3200.607910 0.000000 4500.598633 0.000000 0.772577 0.000000 0.634921 0.400000 0.400000 0.400000
3220.470459 0.000000 4507.930176 0.000000 0.304912 0.000000 0.952381 0.400000 0.400000 0.400000
3218.257324 0.000000 4499.361816 0.000000 0.906417 0.000000 0.422384 0.400000 0.400000 0.400000
3303.355225 0.000000 4493.266602 0.000000 0.902077 0.000000 0.431575 0.400000 0.400000 0.400000
3291.550537 0.000000 4495.264648 0.000000 0.999735 0.000000 -0.023026 0.400000 0.400000 0.400000
3314.772705 0.000000 4496.739746 0.000000 0.305274 0.000000 0.952265 0.400000 0.400000 0.400000
3308.232422 0.000000 4495.243164 0.000000 0.399284 0.000000 0.916827 0.400000 0.400000 0.400000
3243.000732 0.000000 4532.128906 0.000000 0.411177 0.000000 0.911556 0.400000 0.400000 0.400000
3230.968994 0.000000 4515.095215 0.000000 0.929218 0.000000 0.369533 0.400000 0.400000 0.400000
3239.334229 0.000000 4530.726562 0.000000 0.966413 0.000000 -0.256994 0.400000 0.400000 0.400000
3315.950684 0.000000 4522.386230 0.000000 0.070109 0.000000 -0.997539 0.400000 0.400000 0.400000
3290.627197 0.000000 4513.704102 0.000000 0.947227 0.000000 0.320564 0.400000 0.400000 0.400000
3264.377197 0.000000 4524.761719 0.000000 0.049462 0.000000 -0.998776 0.400000 0.400000 0.400000
3296.150635 0.000000 4510.068848 0.000000 0.705206 0.000000 -0.709002 0.400000 0.400000 0.400000
3275.275635 0.000000 4522.353516 0.000000 0.978488 0.000000 0.206306 0.400000 0.400000 0.400000
3305.400879 0.000000 4524.770020 0.000000 0.810328 0.000000 -0.585976 0.400000 0.400000 0.400000
3299.822021 0.000000 4511.237305 0.000000 0.143145 0.000000 0.989702 0.400000 0.400000 0.400000
3298.316162 0.000000 4526.715332 0.000000 0.997839 0.000000 -0.065699 0.400000 0.400000 0.400000
3315.064209 0.000000 4533.990723 0.000000 0.461689 0.000000 0.887042 0.400000 0.400000 0.400000
3298.142334 0.000000 4516.778809 0.000000 0.861456 0.000000 0.507832 0.400000 0.400000 0.400000
3293.791260 0.000000 4512.291016 0.000000 0.889019 0.000000 0.457871 0.400000 0.400000 0.400000
3290.097900 0.000000 4516.424805 0.000000 0.958700 0.000000 -0.284420 0.400000 0.400000 0.400000
3231.975098 0.000000 4588.368652 0.000000 0.837080 0.000000 -0.547081 0.400000 0.400000 0.400000
3237.090820 0.000000 4596.382812 0.000000 0.999679 0.000000 0.025353 0.400000 0.400000 0.400000
3231.914307 0.000000 4594.268555 0.000000 0.183674 0.000000 0.982987 0.400000 0.400000 0.400000
3229.750488 0.000000 4583.706543 0.000000 0.125245 0.000000 0.992126 0.400000 0.400000 0.400000
3227.550537 0.000000 4587.264648 0.000000 0.319652 0.000000 0.947535 0.400000 0.400000 0.400000
3233.457275 0.000000 4598.145996 0.000000 0.596658 0.000000 -0.802496 0.400000 0.400000 0.400000
3233.802002 0.000000 4591.323242 0.000000 0.951462 0.000000 -0.307768 0.400000 0.400000 0.400000
3239.607910 0.000000 4598.420410 0.000000 0.705782 0.000000 -0.708429 0.400000 0.400000 0.400000
3227.426025 0.000000 4580.017578 0.000000 0.950656 0.000000 0.310247 0.400000 0.400000 0.400000
3226.755859 0.000000 4584.402832 0.000000 0.843633 0.000000 0.536921 0.400000 0.400000 0.400000
3412.968506 0.000000 4550.449707 0.000000 0.814747 0.000000 0.579817 0.400000 0.400000 0.400000
3415.409912 0.000000 4552.584961 0.000000 0.378965 0.000000 0.925411 0.400000 0.400000 0.400000
3408.917480 0.000000 4554.235352 0.000000 0.302526 0.000000 -0.953141 0.400000 0.400000 0.400000
3411.420410 0.000000 4561.959961 0.000000 0.140180 0.000000 -0.990126 0.400000 0.400000 0.400000
3409.678711 0.000000 4572.352051 0.000000 0.735242 0.000000 0.677805 0.400000 0.400000 0.400000
3407.600586 0.000000 4563.242676 0.000000 0.172327 0.000000 -0.985040 0.400000 0.400000 0.400000
3412.271484 0.000000 4565.640137 0.000000 0.216573 0.000000 0.976267 0.400000 0.400000 0.400000
3409.635498 0.000000 4559.049316 0.000000 0.295759 0.000000 -0.955263 0.400000 0.400000 0.400000
3406.741455 0.000000 4556.138184 0.000000 0.990523 0.000000 -0.137347 0.400000 0.400000 0.400000
3238.931152 0.000000 4600.683105 0.000000 0.617332 0.000000 -0.786703 0.400000 0.400000 0.400000
3240.356689 0.000000 4612.604492 0.000000 0.446643 0.000000 -0.894712 0.400000 0.400000 0.400000
3237.025635 0.000000 4607.003418 0.000000 0.999132 0.000000 -0.041659 0.400000 0.400000 0.400000
3260.676758 0.000000 4641.996582 0.000000 0.296013 0.000000 -0.955184 0.400000 0.400000 0.400000
3241.998535 0.000000 4603.290527 0.000000 0.934456 0.000000 -0.356078 0.400000 0.400000 0.400000
3235.822021 0.000000 4603.237305 0.000000 0.987410 0.000000 0.158181 0.400000 0.400000 0.400000
3256.990967 0.000000 4645.005371 0.000000 0.991058 0.000000 -0.133431 0.400000 0.400000 0.400000
3239.482178 0.000000 4609.336426 0.000000 0.495680 0.000000 -0.868505 0.400000 0.400000 0.400000
3238.924072 0.000000 4604.246582 0.000000 0.888613 0.000000 0.458657 0.400000 0.400000 0.400000
3262.286865 0.000000 4644.678711 0.000000 0.758193 0.000000 -0.652031 0.400000 0.400000 0.400000
3279.821289 0.000000 4626.711426 0.000000 0.916478 0.000000 -0.400086 0.400000 0.400000 0.400000
3273.853760 0.000000 4640.072266 0.000000 0.932428 0.000000 -0.361355 0.400000 0.400000 0.400000
3264.933838 0.000000 4642.710449 0.000000 0.999997 0.000000 -0.002616 0.400000 0.400000 0.400000
3272.825439 0.000000 4632.309082 0.000000 0.524035 0.000000 0.851697 0.400000 0.400000 0.400000
3268.531006 0.000000 4637.556641 0.000000 0.697443 0.000000 -0.716640 0.400000 0.400000 0.400000
3279.644775 0.000000 4639.188477 0.000000 0.100299 0.000000 0.994957 0.400000 0.400000 0.400000
3278.149902 0.000000 4632.001953 0.000000 0.958677 0.000000 -0.284497 0.400000 0.400000 0.400000
3276.014404 0.000000 4644.589355 0.000000 0.778913 0.000000 -0.627132 0.400000 0.400000 0.400000
3281.678711 0.000000 4618.352051 0.000000 0.883167 0.000000 0.469058 0.400000 0.400000 0.400000
3276.144287 0.000000 4636.135742 0.000000 0.528399 0.000000 -0.848996 0.400000 0.400000 0.400000
3285.367432 0.000000 4638.181152 0.000000 0.879795 0.000000 0.475353 0.400000 0.400000 0.400000
3277.170654 0.000000 4628.847656 0.000000 0.295519 0.000000 0.955337 0.400000 0.400000 0.400000
3270.729492 0.000000 4639.938477 0.000000 0.870847 0.000000 -0.491554 0.400000 0.400000 0.400000
3275.465576 0.000000 4633.256348 0.000000 0.219862 0.000000 -0.975531 0.400000 0.400000 0.400000
3284.443848 0.000000 4631.940430 0.000000 0.861547 0.000000 0.507678 0.400000 0.400000 0.400000
3271.375488 0.000000 4645.964844 0.000000 0.432680 0.000000 -0.901548 0.400000 0.400000 0.400000
3279.662109 0.000000 4629.269531 0.000000 0.979741 0.000000 0.200270 0.400000 0.400000 0.400000
3260.353516 0.000000 4646.510742 0.000000 0.315529 0.000000 -0.948916 0.400000 0.400000 0.400000
3260.759521 0.000000 4657.443848 0.000000 0.742295 0.000000 0.670074 0.400000 0.400000 0.400000
3260.576172 0.000000 4654.841797 0.000000 0.373517 0.000000 -0.927623 0.400000 0.400000 0.400000
3266.295898 0.000000 4654.370117 0.000000 0.459397 0.000000 0.888231 0.400000 0.400000 0.400000
3271.156738 0.000000 4653.084961 0.000000 0.495429 0.000000 -0.868648 0.400000 0.400000 0.400000
3267.616943 0.000000 4649.821289 0.000000 0.157603 0.000000 0.987503 0.400000 0.400000 0.400000
3268.912598 0.000000 4646.229492 0.000000 0.634884 0.000000 -0.772607 0.400000 0.400000 0.400000
3264.138184 0.000000 4651.328125 0.000000 0.813828 0.000000 -0.581106 0.400000 0.400000 0.400000
3268.419922 0.000000 4652.562500 0.000000 0.004518 0.000000 -0.999990 0.400000 0.400000 0.400000
4350.537598 0.000000 4271.369629 0.000000 0.065641 0.000000 -0.997843 0.400000 0.400000 0.400000
4352.380859 0.000000 4265.485352 0.000000 0.982812 0.000000 0.184611 0.400000 0.400000 0.400000
4367.821289 0.000000 4258.711426 0.000000 0.274496 0.000000 0.961588 0.400000 0.400000 0.400000
4361.853516 0.000000 4272.072266 0.000000 0.016266 0.000000 0.999868 0.400000 0.400000 0.400000
4358.214355 0.000000 4256.754395 0.000000 0.188661 0.000000 0.982042 0.400000 0.400000 0.400000
4352.934082 0.000000 4274.710449 0.000000 0.467321 0.000000 -0.884087 0.400000 0.400000 0.400000
4371.028809 0.000000 4266.224609 0.000000 0.477354 0.000000 -0.878711 0.400000 0.400000 0.400000
4360.825684 0.000000 4264.309082 0.000000 0.621232 0.000000 0.783627 0.400000 0.400000 0.400000
4371.420410 0.000000 4239.959961 0.000000 0.301761 0.000000 0.953384 0.400000 0.400000 0.400000
4356.530762 0.000000 4269.556641 0.000000 0.119722 0.000000 -0.992807 0.400000 0.400000 0.400000
4367.644531 0.000000 4271.188477 0.000000 0.997521 0.000000 -0.070364 0.400000 0.400000 0.400000
4353.629883 0.000000 4260.186523 0.000000 0.995789 0.000000 -0.091680 0.400000 0.400000 0.400000
4366.149902 0.000000 4264.001953 0.000000 0.883778 0.000000 0.467906 0.400000 0.400000 0.400000
4363.609863 0.000000 4255.602051 0.000000 0.013425 0.000000 -0.999910 0.400000 0.400000 0.400000
4364.014648 0.000000 4276.589355 0.000000 0.420783 0.000000 -0.907161 0.400000 0.400000 0.400000
4358.038086 0.000000 4275.622559 0.000000 0.189104 0.000000 0.981957 0.400000 0.400000 0.400000
4360.358398 0.000000 4252.146484 0.000000 0.711812 0.000000 0.702371 0.400000 0.400000 0.400000
4362.052246 0.000000 4259.864258 0.000000 0.605550 0.000000 -0.795807 0.400000 0.400000 0.400000
4372.215820 0.000000 4235.416992 0.000000 0.310828 0.000000 -0.950466 0.400000 0.400000 0.400000
4364.144531 0.000000 4268.135742 0.000000 0.983200 0.000000 -0.182533 0.400000 0.400000 0.400000
4367.878418 0.000000 4254.332520 0.000000 0.997714 0.000000 0.067575 0.400000 0.400000 0.400000
4356.560059 0.000000 4263.642578 0.000000 0.041277 0.000000 -0.999148 0.400000 0.400000 0.400000
4352.607910 0.000000 4270.598633 0.000000 0.098133 0.000000 0.995173 0.400000 0.400000 0.400000
4367.600586 0.000000 4241.242676 0.000000 0.585838 0.000000 -0.810428 0.400000 0.400000 0.400000
4360.030273 0.000000 4268.123535 0.000000 0.306211 0.000000 0.951964 0.400000 0.400000 0.400000
4367.669434 0.000000 4267.452148 0.000000 0.971382 0.000000 -0.237524 0.400000 0.400000 0.400000
4358.603516 0.000000 4260.525391 0.000000 0.867465 0.000000 0.497498 0.400000 0.400000 0.400000
4355.906738 0.000000 4272.958984 0.000000 0.891094 0.000000 -0.453819 0.400000 0.400000 0.400000
4369.461426 0.000000 4263.191406 0.000000 0.973008 0.000000 -0.230773 0.400000 0.400000 0.400000
4354.481445 0.000000 4256.979980 0.000000 0.647044 0.000000 -0.762453 0.400000 0.400000 0.400000
4364.905273 0.000000 4273.321777 0.000000 0.682367 0.000000 0.731010 0.400000 0.400000 0.400000
4365.170898 0.000000 4260.847656 0.000000 0.311455 0.000000 0.950261 0.400000 0.400000 0.400000
4355.313477 0.000000 4266.643066 0.000000 0.294069 0.000000 -0.955784 0.400000 0.400000 0.400000
4361.062500 0.000000 4275.906738 0.000000 0.036231 0.000000 -0.999343 0.400000 0.400000 0.400000
4358.729492 0.000000 4271.938477 0.000000 0.999585 0.000000 0.028798 0.400000 0.400000 0.400000
4363.465332 0.000000 4265.256348 0.000000 0.939998 0.000000 0.341179 0.400000 0.400000 0.400000
4358.194824 0.000000 4265.937012 0.000000 0.941806 0.000000 0.336156 0.400000 0.400000 0.400000
4353.790527 0.000000 4262.985840 0.000000 0.704635 0.000000 0.709570 0.400000 0.400000 0.400000
4363.102539 0.000000 4262.572266 0.000000 0.788672 0.000000 0.614815 0.400000 0.400000 0.400000
4365.061523 0.000000 4258.147949 0.000000 0.828787 0.000000 -0.559565 0.400000 0.400000 0.400000
4360.703613 0.000000 4261.856934 0.000000 0.787982 0.000000 -0.615699 0.400000 0.400000 0.400000
4308.968750 0.000000 4780.449707 0.000000 0.141457 0.000000 -0.989944 0.400000 0.400000 0.400000
4319.975098 0.000000 4772.368652 0.000000 0.634198 0.000000 0.773170 0.400000 0.400000 0.400000
4297.853516 0.000000 4778.072266 0.000000 0.688499 0.000000 0.725237 0.400000 0.400000 0.400000
4312.937988 0.000000 4765.962402 0.000000 0.381979 0.000000 -0.924171 0.400000 0.400000 0.400000
4325.090820 0.000000 4780.382812 0.000000 0.745496 0.000000 0.666510 0.400000 0.400000 0.400000
4307.028809 0.000000 4772.224609 0.000000 0.969406 0.000000 -0.245462 0.400000 0.400000 0.400000
4316.608398 0.000000 4782.936035 0.000000 0.294361 0.000000 0.955694 0.400000 0.400000 0.400000
4313.498047 0.000000 4774.978516 0.000000 0.615823 0.000000 0.787884 0.400000 0.400000 0.400000
4303.644531 0.000000 4777.188477 0.000000 0.059914 0.000000 -0.998204 0.400000 0.400000 0.400000
4325.400879 0.000000 4774.645020 0.000000 0.989846 0.000000 0.142144 0.400000 0.400000 0.400000
4319.914062 0.000000 4778.268555 0.000000 0.140734 0.000000 -0.990047 0.400000 0.400000 0.400000
4302.149902 0.000000 4770.001953 0.000000 0.061776 0.000000 0.998090 0.400000 0.400000 0.400000
4300.014648 0.000000 4782.589355 0.000000 0.986599 0.000000 0.163165 0.400000 0.400000 0.400000
4317.750488 0.000000 4767.706543 0.000000 0.839080 0.000000 0.544008 0.400000 0.400000 0.400000
4308.183594 0.000000 4767.209961 0.000000 0.890895 0.000000 -0.454210 0.400000 0.400000 0.400000
4311.474121 0.000000 4770.665039 0.000000 0.999330 0.000000 -0.036608 0.400000 0.400000 0.400000
4300.144531 0.000000 4774.135742 0.000000 0.239659 0.000000 -0.970857 0.400000 0.400000 0.400000
4309.367188 0.000000 4776.181152 0.000000 0.451134 0.000000 -0.892456 0.400000 0.400000 0.400000
4304.799805 0.000000 4781.845215 0.000000 0.849787 0.000000 -0.527126 0.400000 0.400000 0.400000
4313.220703 0.000000 4779.629395 0.000000 0.801003 0.000000 -0.598661 0.400000 0.400000 0.400000
4315.550293 0.000000 4771.264648 0.000000 0.059802 0.000000 -0.998210 0.400000 0.400000 0.400000
4321.457520 0.000000 4782.145996 0.000000 0.513901 0.000000 -0.857850 0.400000 0.400000 0.400000
4317.283203 0.000000 4775.324707 0.000000 0.490882 0.000000 0.871226 0.400000 0.400000 0.400000
4303.669434 0.000000 4773.452148 0.000000 0.983168 0.000000 0.182705 0.400000 0.400000 0.400000
4308.470215 0.000000 4783.930176 0.000000 0.970147 0.000000 -0.242518 0.400000 0.400000 0.400000
4321.801758 0.000000 4775.323242 0.000000 0.578101 0.000000 -0.815965 0.400000 0.400000 0.400000
4305.461426 0.000000 4769.191406 0.000000 0.640377 0.000000 0.768061 0.400000 0.400000 0.400000
4316.714355 0.000000 4779.500000 0.000000 0.869064 0.000000 -0.494700 0.400000 0.400000 0.400000
4300.905273 0.000000 4779.321777 0.000000 0.697009 0.000000 -0.717062 0.400000 0.400000 0.400000
4306.257324 0.000000 4775.361816 0.000000 0.235998 0.000000 0.971754 0.400000 0.400000 0.400000
4323.201660 0.000000 4772.185547 0.000000 0.655675 0.000000 0.755044 0.400000 0.400000 0.400000
4315.425781 0.000000 4764.017578 0.000000 0.986770 0.000000 0.162126 0.400000 0.400000 0.400000
4311.410156 0.000000 4782.584961 0.000000 0.412875 0.000000 0.910788 0.400000 0.400000 0.400000
4306.421387 0.000000 4778.666504 0.000000 0.999490 0.000000 0.031924 0.400000 0.400000 0.400000
4297.062500 0.000000 4781.906738 0.000000 0.942139 0.000000 0.335222 0.400000 0.400000 0.400000
4322.997070 0.000000 4778.066895 0.000000 0.448322 0.000000 -0.893872 0.400000 0.400000 0.400000
4314.755859 0.000000 4768.402832 0.000000 0.914616 0.000000 -0.404324 0.400000 0.400000 0.400000
4309.906250 0.000000 4773.181152 0.000000 0.482972 0.000000 -0.875636 0.400000 0.400000 0.400000
4315.184570 0.000000 4777.181152 0.000000 0.703157 0.000000 -0.711034 0.400000 0.400000 0.400000
4318.872070 0.000000 4781.376465 0.000000 0.000054 0.000000 -1.000000 0.400000 0.400000 0.400000
4310.769043 0.000000 4768.002930 0.000000 0.913647 0.000000 0.406509 0.400000 0.400000 0.400000
4308.443848 0.000000 4769.940430 0.000000 0.861817 0.000000 0.507219 0.400000 0.400000 0.400000
4325.612793 0.000000 4777.407715 0.000000 0.083895 0.000000 0.996475 0.400000 0.400000 0.400000
4314.030273 0.000000 4782.287598 0.000000 0.992053 0.000000 0.125818 0.400000 0.400000 0.400000
4311.886719 0.000000 4777.354980 0.000000 0.912024 0.000000 0.410136 0.400000 0.400000 0.400000
4318.050293 0.000000 4770.296387 0.000000 0.382640 0.000000 0.923897 0.400000 0.400000 0.400000
4306.362793 0.000000 4765.380371 0.000000 0.980020 0.000000 0.198901 0.400000 0.400000 0.400000
4300.106934 0.000000 4776.884766 0.000000 0.777631 0.000000 0.628721 0.400000 0.400000 0.400000
4303.530762 0.000000 4779.699219 0.000000 0.984064 0.000000 0.177816 0.400000 0.400000 0.400000
4313.237793 0.000000 4772.433594 0.000000 0.260506 0.000000 0.965472 0.400000 0.400000 0.400000
4302.661133 0.000000 4782.955566 0.000000 0.285762 0.000000 0.958301 0.400000 0.400000 0.400000
4299.529785 0.000000 4793.854980 0.000000 0.444324 0.000000 0.895866 0.400000 0.400000 0.400000
4314.626953 0.000000 4789.704102 0.000000 0.969618 0.000000 0.244623 0.400000 0.400000 0.400000
4309.332520 0.000000 4799.273438 0.000000 0.211882 0.000000 0.977295 0.400000 0.400000 0.400000
4304.917480 0.000000 4784.235352 0.000000 0.607257 0.000000 -0.794505 0.400000 0.400000 0.400000
4296.395020 0.000000 4786.013672 0.000000 0.436846 0.000000 -0.899536 0.400000 0.400000 0.400000
4320.116699 0.000000 4795.508301 0.000000 0.876057 0.000000 0.482208 0.400000 0.400000 0.400000
4307.420410 0.000000 4791.959961 0.000000 0.625391 0.000000 -0.780311 0.400000 0.400000 0.400000
4320.150879 0.000000 4786.068848 0.000000 0.194238 0.000000 0.980954 0.400000 0.400000 0.400000
4325.025879 0.000000 4791.003418 0.000000 0.235482 0.000000 0.971879 0.400000 0.400000 0.400000
4315.284180 0.000000 4799.008301 0.000000 0.604791 0.000000 0.796384 0.400000 0.400000 0.400000
4311.946777 0.000000 4784.442871 0.000000 0.968216 0.000000 -0.250114 0.400000 0.400000 0.400000
4304.112305 0.000000 4797.112793 0.000000 0.755847 0.000000 0.654749 0.400000 0.400000 0.400000
4302.444336 0.000000 4789.209473 0.000000 0.948086 0.000000 -0.318015 0.400000 0.400000 0.400000
4312.116211 0.000000 4794.505371 0.000000 0.125342 0.000000 0.992114 0.400000 0.400000 0.400000
4305.678711 0.000000 4802.352051 0.000000 0.009651 0.000000 0.999953 0.400000 0.400000 0.400000
4308.215820 0.000000 4787.416992 0.000000 0.932325 0.000000 0.361622 0.400000 0.400000 0.400000
4312.463379 0.000000 4802.576172 0.000000 0.998669 0.000000 0.051569 0.400000 0.400000 0.400000
4318.968750 0.000000 4791.095215 0.000000 0.811413 0.000000 -0.584473 0.400000 0.400000 0.400000
4300.547363 0.000000 4784.236328 0.000000 0.962403 0.000000 -0.271627 0.400000 0.400000 0.400000
4319.454590 0.000000 4799.792969 0.000000 0.159248 0.000000 -0.987239 0.400000 0.400000 0.400000
4315.903320 0.000000 4785.876465 0.000000 0.032214 0.000000 -0.999481 0.400000 0.400000 0.400000
4316.180176 0.000000 4794.298828 0.000000 0.853306 0.000000 0.521411 0.400000 0.400000 0.400000
4303.600586 0.000000 4793.242676 0.000000 0.910606 0.000000 0.413276 0.400000 0.400000 0.400000
4323.821777 0.000000 4787.237305 0.000000 0.443049 0.000000 -0.896497 0.400000 0.400000 0.400000
4310.871094 0.000000 4790.240723 0.000000 0.901282 0.000000 0.433233 0.400000 0.400000 0.400000
4298.711426 0.000000 4789.653320 0.000000 0.995752 0.000000 -0.092072 0.400000 0.400000 0.400000
4308.271484 0.000000 4795.640137 0.000000 0.966813 0.000000 -0.255484 0.400000 0.400000 0.400000
4322.142090 0.000000 4792.778809 0.000000 0.025624 0.000000 -0.999672 0.400000 0.400000 0.400000
4323.048828 0.000000 4784.003906 0.000000 0.929054 0.000000 -0.369944 0.400000 0.400000 0.400000
4312.252930 0.000000 4797.946289 0.000000 0.069862 0.000000 -0.997557 0.400000 0.400000 0.400000
4317.791504 0.000000 4788.291016 0.000000 0.224974 0.000000 0.974365 0.400000 0.400000 0.400000
4305.635254 0.000000 4789.049316 0.000000 0.022631 0.000000 0.999744 0.400000 0.400000 0.400000
4321.599609 0.000000 4789.588379 0.000000 0.733661 0.000000 0.679516 0.400000 0.400000 0.400000
4312.574219 0.000000 4787.470703 0.000000 0.396155 0.000000 0.918184 0.400000 0.400000 0.400000
4306.193359 0.000000 4799.255859 0.000000 0.996575 0.000000 -0.082691 0.400000 0.400000 0.400000
4317.381836 0.000000 4796.956543 0.000000 0.937002 0.000000 0.349324 0.400000 0.400000 0.400000
4318.078613 0.000000 4784.086426 0.000000 0.998686 0.000000 0.051239 0.400000 0.400000 0.400000
4301.416504 0.000000 4796.134766 0.000000 0.127304 0.000000 -0.991864 0.400000 0.400000 0.400000
4302.741211 0.000000 4786.138184 0.000000 0.923285 0.000000 -0.384116 0.400000 0.400000 0.400000
4299.533691 0.000000 4786.888184 0.000000 1.000000 0.000000 -0.000286 0.400000 0.400000 0.400000
4314.098145 0.000000 4792.424805 0.000000 0.253799 0.000000 0.967257 0.400000 0.400000 0.400000
4308.941895 0.000000 4784.791016 0.000000 0.887247 0.000000 0.461294 0.400000 0.400000 0.400000
4301.178711 0.000000 4791.708984 0.000000 0.958594 0.000000 0.284777 0.400000 0.400000 0.400000
4296.991699 0.000000 4792.983398 0.000000 0.281150 0.000000 0.959664 0.400000 0.400000 0.400000
4314.547363 0.000000 4796.478027 0.000000 0.099337 0.000000 -0.995054 0.400000 0.400000 0.400000
4309.688477 0.000000 4793.298828 0.000000 0.717876 0.000000 0.696171 0.400000 0.400000 0.400000
4305.992676 0.000000 4794.355957 0.000000 0.407241 0.000000 0.913321 0.400000 0.400000 0.400000
4305.777344 0.000000 4786.576172 0.000000 0.752658 0.000000 0.658412 0.400000 0.400000 0.400000
4316.521484 0.000000 4791.534668 0.000000 0.804992 0.000000 0.593286 0.400000 0.400000 0.400000
4298.063477 0.000000 4784.137695 0.000000 0.736158 0.000000 0.676810 0.400000 0.400000 0.400000
4318.601562 0.000000 4793.541504 0.000000 0.549637 0.000000 0.835404 0.400000 0.400000 0.400000
4313.229980 0.000000 4800.233398 0.000000 0.125109 0.000000 0.992143 0.400000 0.400000 0.400000
"}
