object={
	name="tree_cypress_01_generator_1_0"
	render_pass=Map
	clamp_to_water_level=no
	generated_content=yes
	layer="tree_high_layer"
	pdxmesh="tree_cypress_01_a_mesh"
	count=537
	transform="2855.853271 0.000000 1959.449951 0.000000 0.105843 0.000000 0.994383 1.000000 1.000000 1.000000
2856.809326 0.000000 1963.521362 0.000000 0.454991 0.000000 0.890496 1.000000 1.000000 1.000000
2858.505127 0.000000 1957.666382 0.000000 0.053917 0.000000 0.998545 1.000000 1.000000 1.000000
2864.562744 0.000000 1978.309326 0.000000 0.667014 0.000000 0.745045 1.000000 1.000000 1.000000
2859.321777 0.000000 1964.613647 0.000000 0.288636 0.000000 0.957439 1.000000 1.000000 1.000000
2869.727539 0.000000 1979.854614 0.000000 0.999710 0.000000 0.024100 1.000000 1.000000 1.000000
2857.835693 0.000000 1959.400635 0.000000 0.695215 0.000000 0.718801 1.000000 1.000000 1.000000
2883.817139 0.000000 1983.135986 0.000000 0.326276 0.000000 0.945274 1.000000 1.000000 1.000000
2875.275146 0.000000 2010.601440 0.000000 0.849011 0.000000 0.528376 1.000000 1.000000 1.000000
2860.443604 0.000000 1996.538574 0.000000 0.423160 0.000000 0.906055 1.000000 1.000000 1.000000
2871.090576 0.000000 2000.181030 0.000000 0.946901 0.000000 0.321524 1.000000 1.000000 1.000000
2863.689453 0.000000 1994.353760 0.000000 0.144365 0.000000 0.989524 1.000000 1.000000 1.000000
2871.301025 0.000000 1990.958862 0.000000 0.750383 0.000000 0.661003 1.000000 1.000000 1.000000
2879.981445 0.000000 1993.215210 0.000000 0.981491 0.000000 0.191506 1.000000 1.000000 1.000000
2870.072021 0.000000 2006.322998 0.000000 0.993045 0.000000 0.117739 1.000000 1.000000 1.000000
2913.790039 0.000000 2004.919434 0.000000 0.520317 0.000000 0.853973 1.000000 1.000000 1.000000
2880.367432 0.000000 1987.297363 0.000000 0.989917 0.000000 0.141649 1.000000 1.000000 1.000000
2906.973145 0.000000 2025.816772 0.000000 0.127568 0.000000 0.991830 1.000000 1.000000 1.000000
2930.365723 0.000000 2044.407104 0.000000 0.788079 0.000000 0.615574 1.000000 1.000000 1.000000
2910.719971 0.000000 2019.818970 0.000000 0.045845 0.000000 0.998949 1.000000 1.000000 1.000000
2895.584717 0.000000 2016.958496 0.000000 0.772925 0.000000 0.634497 1.000000 1.000000 1.000000
2902.726562 0.000000 1998.325928 0.000000 0.191249 0.000000 0.981541 1.000000 1.000000 1.000000
2913.672363 0.000000 2024.879639 0.000000 0.371441 0.000000 0.928456 1.000000 1.000000 1.000000
2901.501221 0.000000 2010.272583 0.000000 0.694397 0.000000 0.719592 1.000000 1.000000 1.000000
2905.410400 0.000000 2020.740967 0.000000 0.914727 0.000000 0.404071 1.000000 1.000000 1.000000
2899.874268 0.000000 2005.486328 0.000000 0.380832 0.000000 0.924644 1.000000 1.000000 1.000000
2907.751709 0.000000 2016.042847 0.000000 0.992850 0.000000 0.119366 1.000000 1.000000 1.000000
2921.306641 0.000000 2014.178101 0.000000 0.459704 0.000000 0.888072 1.000000 1.000000 1.000000
2884.120850 0.000000 1985.254517 0.000000 0.553053 0.000000 0.833146 1.000000 1.000000 1.000000
2907.393799 0.000000 1996.328369 0.000000 0.663810 0.000000 0.747901 1.000000 1.000000 1.000000
2892.537354 0.000000 1993.006348 0.000000 0.173410 0.000000 0.984850 1.000000 1.000000 1.000000
2882.849609 0.000000 2010.401245 0.000000 0.992647 0.000000 0.121044 1.000000 1.000000 1.000000
2914.640137 0.000000 2027.829590 0.000000 0.687677 0.000000 0.726016 1.000000 1.000000 1.000000
2883.198730 0.000000 2016.385498 0.000000 0.650406 0.000000 0.759586 1.000000 1.000000 1.000000
2910.910645 0.000000 2004.855225 0.000000 0.999449 0.000000 0.033203 1.000000 1.000000 1.000000
2904.228271 0.000000 2009.582642 0.000000 0.180812 0.000000 0.983518 1.000000 1.000000 1.000000
2917.556152 0.000000 2010.277466 0.000000 0.982018 0.000000 0.188789 1.000000 1.000000 1.000000
2882.928711 0.000000 1987.394775 0.000000 0.852512 0.000000 0.522707 1.000000 1.000000 1.000000
2921.916748 0.000000 2047.792969 0.000000 0.974077 0.000000 0.226216 1.000000 1.000000 1.000000
2898.308838 0.000000 2011.684692 0.000000 0.601428 0.000000 0.798927 1.000000 1.000000 1.000000
2930.186768 0.000000 2040.689819 0.000000 0.628508 0.000000 0.777803 1.000000 1.000000 1.000000
2898.242432 0.000000 1999.581177 0.000000 0.916928 0.000000 0.399054 1.000000 1.000000 1.000000
2890.602051 0.000000 1992.344116 0.000000 0.228906 0.000000 0.973449 1.000000 1.000000 1.000000
2882.014893 0.000000 1985.634277 0.000000 0.255630 0.000000 0.966775 1.000000 1.000000 1.000000
2907.983887 0.000000 2001.642334 0.000000 0.263910 0.000000 0.964547 1.000000 1.000000 1.000000
2892.901611 0.000000 1994.833862 0.000000 0.728688 0.000000 0.684846 1.000000 1.000000 1.000000
2930.666260 0.000000 2042.450073 0.000000 0.918105 0.000000 0.396338 1.000000 1.000000 1.000000
2882.964111 0.000000 1984.039307 0.000000 0.909618 0.000000 0.415446 1.000000 1.000000 1.000000
2903.278564 0.000000 2006.189575 0.000000 0.219928 0.000000 0.975516 1.000000 1.000000 1.000000
2889.521973 0.000000 2002.874512 0.000000 0.807172 0.000000 0.590317 1.000000 1.000000 1.000000
2907.274170 0.000000 1999.960571 0.000000 0.770742 0.000000 0.637148 1.000000 1.000000 1.000000
2957.640869 0.000000 1969.921997 0.000000 0.822004 0.000000 0.569481 1.000000 1.000000 1.000000
2963.843750 0.000000 1968.372437 0.000000 0.939750 0.000000 0.341863 1.000000 1.000000 1.000000
2964.637451 0.000000 1971.133179 0.000000 0.003661 0.000000 0.999993 1.000000 1.000000 1.000000
2951.835693 0.000000 1945.980225 0.000000 0.699426 0.000000 0.714705 1.000000 1.000000 1.000000
2994.638428 0.000000 1959.206665 0.000000 0.988437 0.000000 0.151630 1.000000 1.000000 1.000000
2959.953857 0.000000 1971.270264 0.000000 0.472648 0.000000 0.881251 1.000000 1.000000 1.000000
3019.373291 0.000000 1957.818604 0.000000 0.704135 0.000000 0.710066 1.000000 1.000000 1.000000
3036.504150 0.000000 1982.992310 0.000000 0.265833 0.000000 0.964019 1.000000 1.000000 1.000000
3047.853271 0.000000 1959.449951 0.000000 0.281496 0.000000 0.959562 1.000000 1.000000 1.000000
3039.928711 0.000000 1983.411377 0.000000 0.958301 0.000000 0.285762 1.000000 1.000000 1.000000
3047.914551 0.000000 1952.415161 0.000000 0.827299 0.000000 0.561762 1.000000 1.000000 1.000000
2995.701172 0.000000 2020.844727 0.000000 0.002734 0.000000 0.999996 1.000000 1.000000 1.000000
2970.973145 0.000000 2025.816772 0.000000 0.540395 0.000000 0.841412 1.000000 1.000000 1.000000
3005.275879 0.000000 2020.162109 0.000000 0.869874 0.000000 0.493274 1.000000 1.000000 1.000000
2969.708008 0.000000 2039.805664 0.000000 0.811550 0.000000 0.584284 1.000000 1.000000 1.000000
3002.787598 0.000000 2015.616577 0.000000 0.093821 0.000000 0.995589 1.000000 1.000000 1.000000
2988.970947 0.000000 2009.687256 0.000000 0.959883 0.000000 0.280400 1.000000 1.000000 1.000000
2970.408691 0.000000 2030.532959 0.000000 0.646615 0.000000 0.762817 1.000000 1.000000 1.000000
2978.333984 0.000000 2035.662842 0.000000 0.841302 0.000000 0.540566 1.000000 1.000000 1.000000
2982.374756 0.000000 2004.287109 0.000000 0.993546 0.000000 0.113432 1.000000 1.000000 1.000000
2974.574463 0.000000 2028.103027 0.000000 0.870418 0.000000 0.492314 1.000000 1.000000 1.000000
2999.090576 0.000000 2000.181030 0.000000 0.454220 0.000000 0.890890 1.000000 1.000000 1.000000
3006.713379 0.000000 2008.471313 0.000000 0.510101 0.000000 0.860114 1.000000 1.000000 1.000000
2987.523193 0.000000 2024.381348 0.000000 0.583597 0.000000 0.812043 1.000000 1.000000 1.000000
2986.505127 0.000000 2021.666382 0.000000 0.847708 0.000000 0.530463 1.000000 1.000000 1.000000
2967.577881 0.000000 2041.747803 0.000000 0.776258 0.000000 0.630415 1.000000 1.000000 1.000000
2968.821777 0.000000 2037.130737 0.000000 0.163544 0.000000 0.986536 1.000000 1.000000 1.000000
2989.479980 0.000000 2007.074219 0.000000 0.868537 0.000000 0.495625 1.000000 1.000000 1.000000
2990.923584 0.000000 2011.676880 0.000000 0.564747 0.000000 0.825264 1.000000 1.000000 1.000000
2981.225830 0.000000 2023.619141 0.000000 0.064017 0.000000 0.997949 1.000000 1.000000 1.000000
3001.340332 0.000000 2021.163208 0.000000 0.859560 0.000000 0.511034 1.000000 1.000000 1.000000
3007.694824 0.000000 2020.460327 0.000000 0.476660 0.000000 0.879088 1.000000 1.000000 1.000000
2985.375977 0.000000 2025.205933 0.000000 0.364549 0.000000 0.931184 1.000000 1.000000 1.000000
2975.849365 0.000000 2026.270996 0.000000 0.940324 0.000000 0.340279 1.000000 1.000000 1.000000
2995.010498 0.000000 2018.719116 0.000000 0.975857 0.000000 0.218410 1.000000 1.000000 1.000000
2972.727295 0.000000 2033.973755 0.000000 0.476003 0.000000 0.879444 1.000000 1.000000 1.000000
3001.252197 0.000000 2000.563721 0.000000 0.429793 0.000000 0.902927 1.000000 1.000000 1.000000
2987.433838 0.000000 2014.806030 0.000000 0.710832 0.000000 0.703362 1.000000 1.000000 1.000000
2987.452881 0.000000 2019.092896 0.000000 0.398487 0.000000 0.917174 1.000000 1.000000 1.000000
2997.255371 0.000000 2019.462891 0.000000 0.584983 0.000000 0.811046 1.000000 1.000000 1.000000
2991.324707 0.000000 2007.805420 0.000000 0.321485 0.000000 0.946915 1.000000 1.000000 1.000000
2989.218506 0.000000 2018.373779 0.000000 0.052838 0.000000 0.998603 1.000000 1.000000 1.000000
2987.168701 0.000000 2010.154297 0.000000 0.971045 0.000000 0.238896 1.000000 1.000000 1.000000
2985.965576 0.000000 2029.952026 0.000000 0.406038 0.000000 0.913856 1.000000 1.000000 1.000000
2992.194824 0.000000 2017.896851 0.000000 0.602990 0.000000 0.797749 1.000000 1.000000 1.000000
2981.061279 0.000000 2032.071411 0.000000 0.999969 0.000000 0.007885 1.000000 1.000000 1.000000
2984.843750 0.000000 2008.094727 0.000000 0.760467 0.000000 0.649377 1.000000 1.000000 1.000000
2988.815674 0.000000 2011.248657 0.000000 0.504852 0.000000 0.863206 1.000000 1.000000 1.000000
2973.240234 0.000000 2028.851074 0.000000 0.754837 0.000000 0.655912 1.000000 1.000000 1.000000
2982.766846 0.000000 2026.892090 0.000000 0.970850 0.000000 0.239687 1.000000 1.000000 1.000000
2984.999512 0.000000 2017.449707 0.000000 0.893343 0.000000 0.449376 1.000000 1.000000 1.000000
2996.335693 0.000000 2015.155396 0.000000 0.630680 0.000000 0.776043 1.000000 1.000000 1.000000
2982.237549 0.000000 2025.978027 0.000000 0.569639 0.000000 0.821895 1.000000 1.000000 1.000000
3008.712646 0.000000 2018.175537 0.000000 0.671594 0.000000 0.740920 1.000000 1.000000 1.000000
3053.892334 0.000000 2027.312134 0.000000 0.234425 0.000000 0.972134 1.000000 1.000000 1.000000
3069.275879 0.000000 2020.162109 0.000000 0.647263 0.000000 0.762267 1.000000 1.000000 1.000000
3023.584717 0.000000 2016.958496 0.000000 0.017206 0.000000 0.999852 1.000000 1.000000 1.000000
3016.257080 0.000000 2027.504028 0.000000 0.945096 0.000000 0.326793 1.000000 1.000000 1.000000
3050.611328 0.000000 2031.847168 0.000000 1.000000 0.000000 0.000954 1.000000 1.000000 1.000000
3065.374268 0.000000 2031.420776 0.000000 0.953870 0.000000 0.300221 1.000000 1.000000 1.000000
3018.125244 0.000000 2008.783813 0.000000 0.548461 0.000000 0.836176 1.000000 1.000000 1.000000
3018.628174 0.000000 2017.324707 0.000000 0.341835 0.000000 0.939760 1.000000 1.000000 1.000000
3020.546875 0.000000 2013.193726 0.000000 0.858562 0.000000 0.512710 1.000000 1.000000 1.000000
3026.959473 0.000000 2013.962769 0.000000 0.868307 0.000000 0.496028 1.000000 1.000000 1.000000
3057.663330 0.000000 2016.828247 0.000000 0.947130 0.000000 0.320851 1.000000 1.000000 1.000000
3070.313721 0.000000 2024.150757 0.000000 0.887755 0.000000 0.460315 1.000000 1.000000 1.000000
3063.588867 0.000000 2027.575195 0.000000 0.096105 0.000000 0.995371 1.000000 1.000000 1.000000
3013.248779 0.000000 2025.675903 0.000000 0.675131 0.000000 0.737698 1.000000 1.000000 1.000000
3059.167236 0.000000 1994.150757 0.000000 0.697948 0.000000 0.716149 1.000000 1.000000 1.000000
3008.023926 0.000000 2012.332153 0.000000 0.982798 0.000000 0.184686 1.000000 1.000000 1.000000
3021.280762 0.000000 2019.118530 0.000000 0.010281 0.000000 0.999947 1.000000 1.000000 1.000000
3010.849609 0.000000 2010.401245 0.000000 0.827733 0.000000 0.561122 1.000000 1.000000 1.000000
3011.198730 0.000000 2016.385498 0.000000 0.356352 0.000000 0.934352 1.000000 1.000000 1.000000
3018.295898 0.000000 2011.469727 0.000000 0.818981 0.000000 0.573821 1.000000 1.000000 1.000000
3051.321777 0.000000 2028.613647 0.000000 0.370329 0.000000 0.928901 1.000000 1.000000 1.000000
3025.605957 0.000000 2018.788574 0.000000 0.689065 0.000000 0.724699 1.000000 1.000000 1.000000
3063.374512 0.000000 2030.087524 0.000000 0.810269 0.000000 0.586059 1.000000 1.000000 1.000000
3018.508545 0.000000 2027.506348 0.000000 0.936418 0.000000 0.350885 1.000000 1.000000 1.000000
3067.333008 0.000000 2020.601440 0.000000 0.966442 0.000000 0.256886 1.000000 1.000000 1.000000
3024.635498 0.000000 2012.423584 0.000000 0.746732 0.000000 0.665125 1.000000 1.000000 1.000000
3192.645264 0.000000 1972.367310 0.000000 0.994996 0.000000 0.099912 1.000000 1.000000 1.000000
3173.210205 0.000000 1965.929688 0.000000 0.898653 0.000000 0.438659 1.000000 1.000000 1.000000
3196.556885 0.000000 1980.735474 0.000000 0.532951 0.000000 0.846146 1.000000 1.000000 1.000000
3164.504150 0.000000 1982.992310 0.000000 0.978851 0.000000 0.204576 1.000000 1.000000 1.000000
3166.703125 0.000000 1968.679688 0.000000 0.687811 0.000000 0.725890 1.000000 1.000000 1.000000
3174.957764 0.000000 1972.401733 0.000000 0.879333 0.000000 0.476208 1.000000 1.000000 1.000000
3170.251953 0.000000 1981.171753 0.000000 0.433202 0.000000 0.901297 1.000000 1.000000 1.000000
3178.376709 0.000000 1971.435547 0.000000 0.614843 0.000000 0.788650 1.000000 1.000000 1.000000
3183.181396 0.000000 1980.684937 0.000000 0.412279 0.000000 0.911058 1.000000 1.000000 1.000000
3172.946777 0.000000 1982.796997 0.000000 0.511698 0.000000 0.859165 1.000000 1.000000 1.000000
3198.933350 0.000000 1973.930298 0.000000 0.990065 0.000000 0.140612 1.000000 1.000000 1.000000
3199.176270 0.000000 1962.874756 0.000000 0.137482 0.000000 0.990504 1.000000 1.000000 1.000000
3175.165039 0.000000 1975.206543 0.000000 0.752034 0.000000 0.659125 1.000000 1.000000 1.000000
3184.562744 0.000000 1978.309326 0.000000 0.562465 0.000000 0.826821 1.000000 1.000000 1.000000
3184.365479 0.000000 1982.988403 0.000000 0.951810 0.000000 0.306687 1.000000 1.000000 1.000000
3168.939941 0.000000 1969.623413 0.000000 0.092992 0.000000 0.995667 1.000000 1.000000 1.000000
3177.259033 0.000000 1973.231201 0.000000 0.358784 0.000000 0.933421 1.000000 1.000000 1.000000
3182.349854 0.000000 1983.578979 0.000000 0.666981 0.000000 0.745075 1.000000 1.000000 1.000000
3195.230469 0.000000 1966.534668 0.000000 0.711919 0.000000 0.702261 1.000000 1.000000 1.000000
3181.178711 0.000000 1980.881958 0.000000 0.475008 0.000000 0.879981 1.000000 1.000000 1.000000
3094.976318 0.000000 2015.441162 0.000000 0.811120 0.000000 0.584880 1.000000 1.000000 1.000000
3073.974854 0.000000 2027.022827 0.000000 0.389095 0.000000 0.921198 1.000000 1.000000 1.000000
3081.671875 0.000000 1994.250977 0.000000 0.943283 0.000000 0.331989 1.000000 1.000000 1.000000
3083.373291 0.000000 2021.818604 0.000000 0.911163 0.000000 0.412047 1.000000 1.000000 1.000000
3091.627441 0.000000 2022.229858 0.000000 0.155321 0.000000 0.987864 1.000000 1.000000 1.000000
3080.257080 0.000000 2027.504028 0.000000 0.964933 0.000000 0.262496 1.000000 1.000000 1.000000
3097.708008 0.000000 2039.805664 0.000000 0.382027 0.000000 0.924151 1.000000 1.000000 1.000000
3094.067627 0.000000 2028.634521 0.000000 0.488549 0.000000 0.872536 1.000000 1.000000 1.000000
3097.410400 0.000000 2020.740967 0.000000 0.877141 0.000000 0.480232 1.000000 1.000000 1.000000
3077.360596 0.000000 2008.334473 0.000000 0.988276 0.000000 0.152679 1.000000 1.000000 1.000000
3086.736816 0.000000 1995.170776 0.000000 0.816163 0.000000 0.577822 1.000000 1.000000 1.000000
3085.661377 0.000000 2005.948853 0.000000 0.403649 0.000000 0.914914 1.000000 1.000000 1.000000
3094.794189 0.000000 2024.649292 0.000000 0.948802 0.000000 0.315871 1.000000 1.000000 1.000000
3077.248779 0.000000 2025.675903 0.000000 0.474748 0.000000 0.880122 1.000000 1.000000 1.000000
3081.876465 0.000000 1987.766846 0.000000 0.318262 0.000000 0.948003 1.000000 1.000000 1.000000
3082.833252 0.000000 2031.841553 0.000000 0.373154 0.000000 0.927770 1.000000 1.000000 1.000000
3096.821777 0.000000 2037.130737 0.000000 0.496890 0.000000 0.867814 1.000000 1.000000 1.000000
3099.274902 0.000000 2022.917725 0.000000 0.118826 0.000000 0.992915 1.000000 1.000000 1.000000
3086.434082 0.000000 2027.554077 0.000000 0.806806 0.000000 0.590816 1.000000 1.000000 1.000000
3090.127686 0.000000 2016.360474 0.000000 0.361399 0.000000 0.932411 1.000000 1.000000 1.000000
3082.508545 0.000000 2027.506348 0.000000 0.999667 0.000000 0.025810 1.000000 1.000000 1.000000
3093.890869 0.000000 2033.067383 0.000000 0.994240 0.000000 0.107174 1.000000 1.000000 1.000000
3093.859131 0.000000 2022.653564 0.000000 0.706697 0.000000 0.707516 1.000000 1.000000 1.000000
3191.058105 0.000000 1984.752075 0.000000 0.146303 0.000000 0.989240 1.000000 1.000000 1.000000
3153.064209 0.000000 2001.424316 0.000000 0.828787 0.000000 0.559565 1.000000 1.000000 1.000000
3144.167236 0.000000 2013.333374 0.000000 0.770038 0.000000 0.637998 1.000000 1.000000 1.000000
3178.987793 0.000000 1991.951660 0.000000 0.482752 0.000000 0.875757 1.000000 1.000000 1.000000
3169.790039 0.000000 2004.919434 0.000000 0.665774 0.000000 0.746154 1.000000 1.000000 1.000000
3171.497070 0.000000 1984.566162 0.000000 0.937537 0.000000 0.347885 1.000000 1.000000 1.000000
3161.014648 0.000000 2006.339844 0.000000 0.761000 0.000000 0.648752 1.000000 1.000000 1.000000
3185.762695 0.000000 1997.487793 0.000000 0.891741 0.000000 0.452547 1.000000 1.000000 1.000000
3177.543945 0.000000 2000.418701 0.000000 0.413607 0.000000 0.910456 1.000000 1.000000 1.000000
3164.772461 0.000000 1999.317261 0.000000 0.322017 0.000000 0.946734 1.000000 1.000000 1.000000
3188.888672 0.000000 1991.308228 0.000000 0.588433 0.000000 0.808546 1.000000 1.000000 1.000000
3151.584717 0.000000 2016.958496 0.000000 0.166985 0.000000 0.985959 1.000000 1.000000 1.000000
3158.726562 0.000000 1998.325928 0.000000 0.750834 0.000000 0.660491 1.000000 1.000000 1.000000
3165.504639 0.000000 1985.727539 0.000000 0.683286 0.000000 0.730151 1.000000 1.000000 1.000000
3142.784424 0.000000 1988.691895 0.000000 0.914521 0.000000 0.404539 1.000000 1.000000 1.000000
3173.428711 0.000000 1989.748779 0.000000 0.601881 0.000000 0.798586 1.000000 1.000000 1.000000
3157.501221 0.000000 2010.272583 0.000000 0.771422 0.000000 0.636324 1.000000 1.000000 1.000000
3180.443604 0.000000 1996.538574 0.000000 0.753579 0.000000 0.657357 1.000000 1.000000 1.000000
3146.628174 0.000000 2017.324707 0.000000 0.988046 0.000000 0.154161 1.000000 1.000000 1.000000
3174.374756 0.000000 2004.287109 0.000000 0.974347 0.000000 0.225049 1.000000 1.000000 1.000000
3148.546875 0.000000 2013.193726 0.000000 0.367728 0.000000 0.929933 1.000000 1.000000 1.000000
3163.031494 0.000000 1988.294800 0.000000 0.995557 0.000000 0.094165 1.000000 1.000000 1.000000
3187.088623 0.000000 1984.206421 0.000000 0.625290 0.000000 0.780392 1.000000 1.000000 1.000000
3157.783203 0.000000 1995.341919 0.000000 0.935646 0.000000 0.352941 1.000000 1.000000 1.000000
3151.504639 0.000000 2013.846924 0.000000 0.220700 0.000000 0.975342 1.000000 1.000000 1.000000
3159.735352 0.000000 1986.405151 0.000000 0.993618 0.000000 0.112797 1.000000 1.000000 1.000000
3162.852783 0.000000 2008.675659 0.000000 0.471870 0.000000 0.881668 1.000000 1.000000 1.000000
3165.908691 0.000000 1989.035156 0.000000 0.833937 0.000000 0.551860 1.000000 1.000000 1.000000
3175.352783 0.000000 1984.085938 0.000000 0.992597 0.000000 0.121456 1.000000 1.000000 1.000000
3161.502441 0.000000 1998.441528 0.000000 0.031470 0.000000 0.999505 1.000000 1.000000 1.000000
3181.615234 0.000000 1992.482056 0.000000 0.638957 0.000000 0.769242 1.000000 1.000000 1.000000
3146.295898 0.000000 2011.469727 0.000000 0.902267 0.000000 0.431177 1.000000 1.000000 1.000000
3147.019043 0.000000 2006.267700 0.000000 0.676052 0.000000 0.736854 1.000000 1.000000 1.000000
3173.940186 0.000000 1994.897705 0.000000 0.804068 0.000000 0.594537 1.000000 1.000000 1.000000
3149.959229 0.000000 2011.320801 0.000000 0.033519 0.000000 0.999438 1.000000 1.000000 1.000000
3185.481201 0.000000 1995.448608 0.000000 0.995836 0.000000 0.091166 1.000000 1.000000 1.000000
3165.637451 0.000000 1997.138672 0.000000 0.984952 0.000000 0.172829 1.000000 1.000000 1.000000
3156.203369 0.000000 2008.003174 0.000000 0.293947 0.000000 0.955822 1.000000 1.000000 1.000000
3144.660156 0.000000 2018.055298 0.000000 0.745980 0.000000 0.665968 1.000000 1.000000 1.000000
3147.952393 0.000000 2010.527100 0.000000 0.398657 0.000000 0.917100 1.000000 1.000000 1.000000
3167.677979 0.000000 1996.877808 0.000000 0.675091 0.000000 0.737735 1.000000 1.000000 1.000000
3158.837402 0.000000 1993.938477 0.000000 0.621417 0.000000 0.783480 1.000000 1.000000 1.000000
3142.542969 0.000000 2013.213257 0.000000 0.992899 0.000000 0.118958 1.000000 1.000000 1.000000
3147.676270 0.000000 2008.958252 0.000000 0.169988 0.000000 0.985446 1.000000 1.000000 1.000000
3143.401611 0.000000 2014.693848 0.000000 0.869153 0.000000 0.494543 1.000000 1.000000 1.000000
3200.499756 0.000000 1971.129517 0.000000 0.966056 0.000000 0.258332 1.000000 1.000000 1.000000
3202.457031 0.000000 1978.742798 0.000000 0.355825 0.000000 0.934553 1.000000 1.000000 1.000000
3203.063721 0.000000 1970.984985 0.000000 0.129854 0.000000 0.991533 1.000000 1.000000 1.000000
3211.076660 0.000000 1975.520386 0.000000 0.241798 0.000000 0.970327 1.000000 1.000000 1.000000
3208.723389 0.000000 1968.026245 0.000000 0.729714 0.000000 0.683753 1.000000 1.000000 1.000000
3205.422119 0.000000 1966.547729 0.000000 0.999093 0.000000 0.042591 1.000000 1.000000 1.000000
3203.817139 0.000000 1983.135986 0.000000 0.483575 0.000000 0.875303 1.000000 1.000000 1.000000
3200.049805 0.000000 1967.859131 0.000000 0.947915 0.000000 0.318525 1.000000 1.000000 1.000000
3201.974854 0.000000 1967.032471 0.000000 0.862258 0.000000 0.506469 1.000000 1.000000 1.000000
2927.760254 0.000000 2054.595703 0.000000 0.993069 0.000000 0.117534 1.000000 1.000000 1.000000
2921.306641 0.000000 2078.177979 0.000000 0.425266 0.000000 0.905068 1.000000 1.000000 1.000000
2904.600586 0.000000 2058.100098 0.000000 0.993902 0.000000 0.110269 1.000000 1.000000 1.000000
2905.065674 0.000000 2108.302246 0.000000 0.933728 0.000000 0.357983 1.000000 1.000000 1.000000
2893.613281 0.000000 2107.928223 0.000000 0.552042 0.000000 0.833817 1.000000 1.000000 1.000000
2896.745361 0.000000 2097.017822 0.000000 0.678635 0.000000 0.734475 1.000000 1.000000 1.000000
2895.138184 0.000000 2101.559326 0.000000 0.719458 0.000000 0.694535 1.000000 1.000000 1.000000
2925.360352 0.000000 2094.471680 0.000000 0.629102 0.000000 0.777323 1.000000 1.000000 1.000000
2906.568115 0.000000 2097.466553 0.000000 0.936103 0.000000 0.351726 1.000000 1.000000 1.000000
2902.151123 0.000000 2071.355469 0.000000 0.787643 0.000000 0.616132 1.000000 1.000000 1.000000
2918.862305 0.000000 2084.513672 0.000000 0.996311 0.000000 0.085811 1.000000 1.000000 1.000000
2915.974365 0.000000 2056.327637 0.000000 0.732553 0.000000 0.680710 1.000000 1.000000 1.000000
2905.527588 0.000000 2055.397217 0.000000 0.128340 0.000000 0.991730 1.000000 1.000000 1.000000
2928.732422 0.000000 2052.006348 0.000000 0.787306 0.000000 0.616563 1.000000 1.000000 1.000000
2894.303711 0.000000 2095.169922 0.000000 0.417880 0.000000 0.908502 1.000000 1.000000 1.000000
2919.914551 0.000000 2080.415039 0.000000 0.124328 0.000000 0.992241 1.000000 1.000000 1.000000
2928.365479 0.000000 2110.988525 0.000000 0.958452 0.000000 0.285253 1.000000 1.000000 1.000000
2905.631836 0.000000 2067.833496 0.000000 0.997663 0.000000 0.068320 1.000000 1.000000 1.000000
2941.251465 0.000000 2066.173584 0.000000 0.055984 0.000000 0.998432 1.000000 1.000000 1.000000
2912.939941 0.000000 2097.623535 0.000000 0.997286 0.000000 0.073622 1.000000 1.000000 1.000000
2934.117432 0.000000 2051.095947 0.000000 0.651842 0.000000 0.758355 1.000000 1.000000 1.000000
2911.193359 0.000000 2078.642578 0.000000 0.840254 0.000000 0.542192 1.000000 1.000000 1.000000
2915.754639 0.000000 2107.327393 0.000000 0.975444 0.000000 0.220247 1.000000 1.000000 1.000000
2910.372070 0.000000 2109.639160 0.000000 0.713470 0.000000 0.700686 1.000000 1.000000 1.000000
2920.944580 0.000000 2097.631592 0.000000 0.958030 0.000000 0.286669 1.000000 1.000000 1.000000
2921.375977 0.000000 2089.206055 0.000000 0.989626 0.000000 0.143667 1.000000 1.000000 1.000000
2909.121582 0.000000 2105.147461 0.000000 0.969349 0.000000 0.245686 1.000000 1.000000 1.000000
2937.476807 0.000000 2054.478516 0.000000 0.988558 0.000000 0.150843 1.000000 1.000000 1.000000
2933.523193 0.000000 2053.213379 0.000000 0.604477 0.000000 0.796622 1.000000 1.000000 1.000000
2900.252930 0.000000 2088.385742 0.000000 0.212805 0.000000 0.977095 1.000000 1.000000 1.000000
2922.958252 0.000000 2053.742920 0.000000 0.617337 0.000000 0.786699 1.000000 1.000000 1.000000
2915.129883 0.000000 2087.257080 0.000000 0.945843 0.000000 0.324624 1.000000 1.000000 1.000000
2894.964355 0.000000 2106.015625 0.000000 0.776247 0.000000 0.630429 1.000000 1.000000 1.000000
2923.191650 0.000000 2090.497803 0.000000 0.776390 0.000000 0.630253 1.000000 1.000000 1.000000
2914.613037 0.000000 2057.561035 0.000000 0.353439 0.000000 0.935458 1.000000 1.000000 1.000000
2930.006836 0.000000 2110.305420 0.000000 0.569235 0.000000 0.822175 1.000000 1.000000 1.000000
2915.225342 0.000000 2093.491699 0.000000 0.732251 0.000000 0.681035 1.000000 1.000000 1.000000
2896.166992 0.000000 2072.854248 0.000000 0.778985 0.000000 0.627042 1.000000 1.000000 1.000000
2899.760254 0.000000 2074.815186 0.000000 0.990108 0.000000 0.140310 1.000000 1.000000 1.000000
2912.582275 0.000000 2109.634766 0.000000 0.693351 0.000000 0.720600 1.000000 1.000000 1.000000
2912.671143 0.000000 2099.298828 0.000000 0.925182 0.000000 0.379524 1.000000 1.000000 1.000000
2922.856201 0.000000 2110.255371 0.000000 0.651376 0.000000 0.758755 1.000000 1.000000 1.000000
2918.154297 0.000000 2101.863037 0.000000 0.664613 0.000000 0.747188 1.000000 1.000000 1.000000
2915.378174 0.000000 2110.538818 0.000000 0.952868 0.000000 0.303384 1.000000 1.000000 1.000000
2921.455078 0.000000 2107.991211 0.000000 0.283412 0.000000 0.958998 1.000000 1.000000 1.000000
2915.233398 0.000000 2068.315674 0.000000 0.924330 0.000000 0.381595 1.000000 1.000000 1.000000
2899.378418 0.000000 2099.842773 0.000000 0.265271 0.000000 0.964174 1.000000 1.000000 1.000000
2936.542480 0.000000 2055.652344 0.000000 0.398483 0.000000 0.917176 1.000000 1.000000 1.000000
2907.989746 0.000000 2085.934814 0.000000 0.604664 0.000000 0.796481 1.000000 1.000000 1.000000
2909.504639 0.000000 2113.727539 0.000000 0.536268 0.000000 0.844048 1.000000 1.000000 1.000000
2941.653320 0.000000 2112.806396 0.000000 0.715252 0.000000 0.698866 1.000000 1.000000 1.000000
2927.760254 0.000000 2118.595703 0.000000 0.993183 0.000000 0.116561 1.000000 1.000000 1.000000
2903.028320 0.000000 2130.613525 0.000000 0.508520 0.000000 0.861050 1.000000 1.000000 1.000000
2943.362305 0.000000 2118.895264 0.000000 0.694034 0.000000 0.719943 1.000000 1.000000 1.000000
2913.277344 0.000000 2125.673096 0.000000 0.111202 0.000000 0.993798 1.000000 1.000000 1.000000
2931.088623 0.000000 2112.206299 0.000000 0.826656 0.000000 0.562708 1.000000 1.000000 1.000000
2902.441162 0.000000 2120.117188 0.000000 0.281464 0.000000 0.959572 1.000000 1.000000 1.000000
2919.352783 0.000000 2112.085938 0.000000 0.904802 0.000000 0.425833 1.000000 1.000000 1.000000
2905.631836 0.000000 2131.833496 0.000000 0.475444 0.000000 0.879746 1.000000 1.000000 1.000000
2939.440430 0.000000 2127.945068 0.000000 0.684042 0.000000 0.729442 1.000000 1.000000 1.000000
2934.006348 0.000000 2130.454102 0.000000 0.287050 0.000000 0.957916 1.000000 1.000000 1.000000
2911.094238 0.000000 2126.609375 0.000000 0.999987 0.000000 0.005173 1.000000 1.000000 1.000000
2913.141113 0.000000 2122.909180 0.000000 0.937901 0.000000 0.346903 1.000000 1.000000 1.000000
2929.723877 0.000000 2113.977539 0.000000 0.847939 0.000000 0.530095 1.000000 1.000000 1.000000
2923.739990 0.000000 2114.272217 0.000000 0.885280 0.000000 0.465057 1.000000 1.000000 1.000000
2939.502441 0.000000 2123.604736 0.000000 0.749654 0.000000 0.661829 1.000000 1.000000 1.000000
2940.566406 0.000000 2114.398193 0.000000 0.241301 0.000000 0.970450 1.000000 1.000000 1.000000
2918.891357 0.000000 2116.763428 0.000000 0.638715 0.000000 0.769444 1.000000 1.000000 1.000000
2909.074219 0.000000 2121.167480 0.000000 0.608676 0.000000 0.793419 1.000000 1.000000 1.000000
2913.931396 0.000000 2112.051270 0.000000 0.513362 0.000000 0.858172 1.000000 1.000000 1.000000
2940.611816 0.000000 2116.808838 0.000000 0.989621 0.000000 0.143701 1.000000 1.000000 1.000000
2945.500977 0.000000 2063.863037 0.000000 0.999435 0.000000 0.033619 1.000000 1.000000 1.000000
2945.500977 0.000000 2127.863037 0.000000 0.567664 0.000000 0.823260 1.000000 1.000000 1.000000
2945.917480 0.000000 2132.549072 0.000000 0.939963 0.000000 0.341276 1.000000 1.000000 1.000000
2948.095703 0.000000 2128.938477 0.000000 0.989378 0.000000 0.145369 1.000000 1.000000 1.000000
2949.002197 0.000000 2133.888672 0.000000 0.680910 0.000000 0.732367 1.000000 1.000000 1.000000
2947.038818 0.000000 2130.729980 0.000000 0.172170 0.000000 0.985067 1.000000 1.000000 1.000000
2945.257568 0.000000 2117.175293 0.000000 0.731748 0.000000 0.681575 1.000000 1.000000 1.000000
2946.145996 0.000000 2119.474854 0.000000 0.301589 0.000000 0.953438 1.000000 1.000000 1.000000
2947.746338 0.000000 2132.405518 0.000000 0.939953 0.000000 0.341304 1.000000 1.000000 1.000000
3147.373291 0.000000 2149.818604 0.000000 0.958576 0.000000 0.284838 1.000000 1.000000 1.000000
3177.543945 0.000000 2128.418701 0.000000 0.267317 0.000000 0.963609 1.000000 1.000000 1.000000
3147.854736 0.000000 2127.435059 0.000000 0.692877 0.000000 0.721056 1.000000 1.000000 1.000000
3161.708008 0.000000 2167.805664 0.000000 0.999116 0.000000 0.042029 1.000000 1.000000 1.000000
3150.736816 0.000000 2123.170654 0.000000 0.984170 0.000000 0.177227 1.000000 1.000000 1.000000
3172.396973 0.000000 2128.374512 0.000000 0.247046 0.000000 0.969004 1.000000 1.000000 1.000000
3144.725830 0.000000 2166.708008 0.000000 0.560388 0.000000 0.828230 1.000000 1.000000 1.000000
3175.941406 0.000000 2124.199219 0.000000 0.914658 0.000000 0.404230 1.000000 1.000000 1.000000
3171.982422 0.000000 2149.303711 0.000000 0.993168 0.000000 0.116695 1.000000 1.000000 1.000000
3161.606445 0.000000 2112.135986 0.000000 0.897262 0.000000 0.441499 1.000000 1.000000 1.000000
3157.898193 0.000000 2174.725342 0.000000 0.820176 0.000000 0.572112 1.000000 1.000000 1.000000
3179.523193 0.000000 2152.381348 0.000000 0.251928 0.000000 0.967746 1.000000 1.000000 1.000000
3169.726562 0.000000 2158.735107 0.000000 0.161884 0.000000 0.986810 1.000000 1.000000 1.000000
3163.393799 0.000000 2124.328369 0.000000 0.988252 0.000000 0.152832 1.000000 1.000000 1.000000
3169.669922 0.000000 2170.098877 0.000000 0.998474 0.000000 0.055217 1.000000 1.000000 1.000000
3170.640137 0.000000 2155.829590 0.000000 0.461697 0.000000 0.887038 1.000000 1.000000 1.000000
3164.506104 0.000000 2166.950684 0.000000 0.524361 0.000000 0.851496 1.000000 1.000000 1.000000
3163.829346 0.000000 2146.998291 0.000000 0.997362 0.000000 0.072591 1.000000 1.000000 1.000000
3175.023926 0.000000 2129.525635 0.000000 0.617955 0.000000 0.786213 1.000000 1.000000 1.000000
3150.434082 0.000000 2155.553955 0.000000 0.985092 0.000000 0.172031 1.000000 1.000000 1.000000
3147.033447 0.000000 2162.808105 0.000000 0.798936 0.000000 0.601416 1.000000 1.000000 1.000000
3153.186279 0.000000 2151.220947 0.000000 0.921943 0.000000 0.387326 1.000000 1.000000 1.000000
3156.696045 0.000000 2114.732422 0.000000 0.989479 0.000000 0.144675 1.000000 1.000000 1.000000
3175.393066 0.000000 2127.058594 0.000000 0.977150 0.000000 0.212553 1.000000 1.000000 1.000000
3154.308838 0.000000 2139.684570 0.000000 0.946756 0.000000 0.321952 1.000000 1.000000 1.000000
3156.775391 0.000000 2140.481445 0.000000 0.145924 0.000000 0.989296 1.000000 1.000000 1.000000
3167.849365 0.000000 2154.270996 0.000000 0.157800 0.000000 0.987471 1.000000 1.000000 1.000000
3152.518555 0.000000 2154.711426 0.000000 0.896118 0.000000 0.443816 1.000000 1.000000 1.000000
3182.709229 0.000000 2115.361328 0.000000 0.296452 0.000000 0.955048 1.000000 1.000000 1.000000
3169.223877 0.000000 2139.067871 0.000000 0.859399 0.000000 0.511306 1.000000 1.000000 1.000000
3156.724854 0.000000 2118.987549 0.000000 0.182670 0.000000 0.983174 1.000000 1.000000 1.000000
3159.948975 0.000000 2147.409424 0.000000 0.663202 0.000000 0.748440 1.000000 1.000000 1.000000
3159.797607 0.000000 2157.517090 0.000000 0.953830 0.000000 0.300346 1.000000 1.000000 1.000000
3165.180664 0.000000 2133.357910 0.000000 0.878925 0.000000 0.476960 1.000000 1.000000 1.000000
3160.912109 0.000000 2140.715332 0.000000 0.539586 0.000000 0.841931 1.000000 1.000000 1.000000
3162.865723 0.000000 2145.527344 0.000000 0.422422 0.000000 0.906399 1.000000 1.000000 1.000000
3159.878174 0.000000 2119.029297 0.000000 0.943011 0.000000 0.332762 1.000000 1.000000 1.000000
3174.049561 0.000000 2128.178711 0.000000 0.999746 0.000000 0.022539 1.000000 1.000000 1.000000
3169.489014 0.000000 2137.015137 0.000000 0.324654 0.000000 0.945833 1.000000 1.000000 1.000000
3160.677490 0.000000 2139.107178 0.000000 0.884184 0.000000 0.467139 1.000000 1.000000 1.000000
3155.396484 0.000000 2119.630127 0.000000 0.965108 0.000000 0.261852 1.000000 1.000000 1.000000
3291.458008 0.000000 2108.812012 0.000000 0.816051 0.000000 0.577979 1.000000 1.000000 1.000000
3287.571045 0.000000 2111.999268 0.000000 0.743417 0.000000 0.668828 1.000000 1.000000 1.000000
3261.435791 0.000000 2132.831055 0.000000 0.883875 0.000000 0.467724 1.000000 1.000000 1.000000
3262.713379 0.000000 2136.471436 0.000000 0.977933 0.000000 0.208917 1.000000 1.000000 1.000000
3263.945312 0.000000 2133.680908 0.000000 0.996213 0.000000 0.086949 1.000000 1.000000 1.000000
3261.251465 0.000000 2130.173584 0.000000 0.673747 0.000000 0.738962 1.000000 1.000000 1.000000
3263.042236 0.000000 2132.141846 0.000000 0.669313 0.000000 0.742980 1.000000 1.000000 1.000000
3265.500977 0.000000 2127.863037 0.000000 0.875462 0.000000 0.483286 1.000000 1.000000 1.000000
3301.349609 0.000000 2145.140137 0.000000 0.978055 0.000000 0.208345 1.000000 1.000000 1.000000
3295.319092 0.000000 2167.947754 0.000000 0.367302 0.000000 0.930102 1.000000 1.000000 1.000000
3289.014648 0.000000 2134.339844 0.000000 0.564308 0.000000 0.825565 1.000000 1.000000 1.000000
3309.892334 0.000000 2155.312012 0.000000 0.071940 0.000000 0.997409 1.000000 1.000000 1.000000
3305.543945 0.000000 2128.418701 0.000000 0.031149 0.000000 0.999515 1.000000 1.000000 1.000000
3275.854736 0.000000 2127.435059 0.000000 0.703570 0.000000 0.710626 1.000000 1.000000 1.000000
3283.874268 0.000000 2133.486328 0.000000 0.306678 0.000000 0.951813 1.000000 1.000000 1.000000
3305.306641 0.000000 2142.177979 0.000000 0.886034 0.000000 0.463620 1.000000 1.000000 1.000000
3296.448730 0.000000 2129.080078 0.000000 0.864583 0.000000 0.502490 1.000000 1.000000 1.000000
3286.794189 0.000000 2152.649170 0.000000 0.239282 0.000000 0.970950 1.000000 1.000000 1.000000
3270.541992 0.000000 2120.038086 0.000000 0.969989 0.000000 0.243147 1.000000 1.000000 1.000000
3267.786621 0.000000 2173.273926 0.000000 0.034335 0.000000 0.999410 1.000000 1.000000 1.000000
3264.023926 0.000000 2140.332275 0.000000 0.966909 0.000000 0.255121 1.000000 1.000000 1.000000
3277.301758 0.000000 2137.126709 0.000000 0.927862 0.000000 0.372923 1.000000 1.000000 1.000000
3273.876465 0.000000 2115.766846 0.000000 0.202712 0.000000 0.979238 1.000000 1.000000 1.000000
3297.932373 0.000000 2141.070557 0.000000 0.685966 0.000000 0.727634 1.000000 1.000000 1.000000
3285.783203 0.000000 2123.341797 0.000000 0.999449 0.000000 0.033206 1.000000 1.000000 1.000000
3266.849609 0.000000 2138.401367 0.000000 0.579692 0.000000 0.814836 1.000000 1.000000 1.000000
3273.280762 0.000000 2118.682617 0.000000 0.999183 0.000000 0.040426 1.000000 1.000000 1.000000
3275.949951 0.000000 2124.437256 0.000000 0.696726 0.000000 0.717337 1.000000 1.000000 1.000000
3283.208252 0.000000 2167.416504 0.000000 0.873488 0.000000 0.486847 1.000000 1.000000 1.000000
3295.893311 0.000000 2137.480469 0.000000 0.466524 0.000000 0.884509 1.000000 1.000000 1.000000
3286.151123 0.000000 2135.355469 0.000000 0.906533 0.000000 0.422135 1.000000 1.000000 1.000000
3291.829346 0.000000 2146.998291 0.000000 0.895721 0.000000 0.444617 1.000000 1.000000 1.000000
3307.660889 0.000000 2130.414307 0.000000 0.359220 0.000000 0.933253 1.000000 1.000000 1.000000
3294.910645 0.000000 2132.855225 0.000000 0.807287 0.000000 0.590159 1.000000 1.000000 1.000000
3268.095703 0.000000 2128.938477 0.000000 0.297124 0.000000 0.954839 1.000000 1.000000 1.000000
3269.806641 0.000000 2142.691162 0.000000 0.435363 0.000000 0.900255 1.000000 1.000000 1.000000
3303.914551 0.000000 2144.415039 0.000000 0.749230 0.000000 0.662309 1.000000 1.000000 1.000000
3291.537598 0.000000 2134.039062 0.000000 0.976320 0.000000 0.216330 1.000000 1.000000 1.000000
3295.789307 0.000000 2114.738770 0.000000 0.937627 0.000000 0.347644 1.000000 1.000000 1.000000
3293.998535 0.000000 2129.651611 0.000000 0.250586 0.000000 0.968094 1.000000 1.000000 1.000000
3264.788086 0.000000 2130.336670 0.000000 0.955007 0.000000 0.296582 1.000000 1.000000 1.000000
3269.002197 0.000000 2133.888672 0.000000 0.970950 0.000000 0.239284 1.000000 1.000000 1.000000
3291.008545 0.000000 2121.677246 0.000000 0.145624 0.000000 0.989340 1.000000 1.000000 1.000000
3293.342285 0.000000 2154.044189 0.000000 0.673902 0.000000 0.738821 1.000000 1.000000 1.000000
3285.157471 0.000000 2154.428711 0.000000 0.996829 0.000000 0.079569 1.000000 1.000000 1.000000
3265.857178 0.000000 2175.164062 0.000000 0.996977 0.000000 0.077694 1.000000 1.000000 1.000000
3282.308838 0.000000 2139.684570 0.000000 0.999925 0.000000 0.012222 1.000000 1.000000 1.000000
3305.591064 0.000000 2139.176758 0.000000 0.897971 0.000000 0.440054 1.000000 1.000000 1.000000
3295.436279 0.000000 2158.529785 0.000000 0.822074 0.000000 0.569381 1.000000 1.000000 1.000000
3296.663818 0.000000 2156.757080 0.000000 0.978943 0.000000 0.204132 1.000000 1.000000 1.000000
3269.300781 0.000000 2118.270996 0.000000 0.111608 0.000000 0.993752 1.000000 1.000000 1.000000
3284.203369 0.000000 2136.003174 0.000000 0.205045 0.000000 0.978752 1.000000 1.000000 1.000000
3276.530273 0.000000 2135.444824 0.000000 0.691145 0.000000 0.722716 1.000000 1.000000 1.000000
3273.521973 0.000000 2130.874512 0.000000 0.711371 0.000000 0.702816 1.000000 1.000000 1.000000
3271.412354 0.000000 2128.994385 0.000000 0.147202 0.000000 0.989106 1.000000 1.000000 1.000000
3162.162354 0.000000 2203.509766 0.000000 0.911218 0.000000 0.411925 1.000000 1.000000 1.000000
3185.663330 0.000000 2208.828125 0.000000 0.708694 0.000000 0.705516 1.000000 1.000000 1.000000
3182.680176 0.000000 2209.104980 0.000000 0.462909 0.000000 0.886406 1.000000 1.000000 1.000000
3181.615234 0.000000 2184.481934 0.000000 0.813652 0.000000 0.581352 1.000000 1.000000 1.000000
3178.232910 0.000000 2186.592529 0.000000 0.543381 0.000000 0.839486 1.000000 1.000000 1.000000
3154.067871 0.000000 2239.289062 0.000000 0.915136 0.000000 0.403145 1.000000 1.000000 1.000000
3180.305664 0.000000 2240.071289 0.000000 0.789333 0.000000 0.613966 1.000000 1.000000 1.000000
3241.437256 0.000000 2178.075195 0.000000 0.787843 0.000000 0.615876 1.000000 1.000000 1.000000
3225.410400 0.000000 2212.740967 0.000000 0.402566 0.000000 0.915391 1.000000 1.000000 1.000000
3243.523193 0.000000 2216.381348 0.000000 0.999491 0.000000 0.031889 1.000000 1.000000 1.000000
3260.531494 0.000000 2224.222412 0.000000 0.608566 0.000000 0.793503 1.000000 1.000000 1.000000
3277.428711 0.000000 2232.461914 0.000000 0.777335 0.000000 0.629087 1.000000 1.000000 1.000000
3288.600586 0.000000 2186.100098 0.000000 0.711318 0.000000 0.702871 1.000000 1.000000 1.000000
3276.911865 0.000000 2194.607422 0.000000 0.835014 0.000000 0.550228 1.000000 1.000000 1.000000
3287.152832 0.000000 2204.548096 0.000000 0.838605 0.000000 0.544740 1.000000 1.000000 1.000000
3284.018555 0.000000 2229.322510 0.000000 0.998852 0.000000 0.047907 1.000000 1.000000 1.000000
3272.561523 0.000000 2289.880859 0.000000 0.716594 0.000000 0.697490 1.000000 1.000000 1.000000
3272.725830 0.000000 2294.708008 0.000000 0.586006 0.000000 0.810307 1.000000 1.000000 1.000000
3276.211670 0.000000 2285.101074 0.000000 0.071358 0.000000 0.997451 1.000000 1.000000 1.000000
3301.122314 0.000000 2268.998779 0.000000 0.994230 0.000000 0.107269 1.000000 1.000000 1.000000
3323.632568 0.000000 2249.393555 0.000000 0.221068 0.000000 0.975258 1.000000 1.000000 1.000000
3293.342285 0.000000 2282.044189 0.000000 0.965627 0.000000 0.259930 1.000000 1.000000 1.000000
3312.499023 0.000000 2270.730225 0.000000 0.574089 0.000000 0.818793 1.000000 1.000000 1.000000
3359.319092 0.000000 2167.947754 0.000000 0.334418 0.000000 0.942425 1.000000 1.000000 1.000000
3389.435791 0.000000 2132.831055 0.000000 0.932221 0.000000 0.361889 1.000000 1.000000 1.000000
3332.492432 0.000000 2165.102539 0.000000 0.920948 0.000000 0.389686 1.000000 1.000000 1.000000
3443.701172 0.000000 2148.844727 0.000000 0.670337 0.000000 0.742057 1.000000 1.000000 1.000000
3414.794189 0.000000 2152.649170 0.000000 0.659693 0.000000 0.751536 1.000000 1.000000 1.000000
3453.952393 0.000000 2144.699219 0.000000 0.223765 0.000000 0.974643 1.000000 1.000000 1.000000
3425.669922 0.000000 2170.098877 0.000000 0.282541 0.000000 0.959255 1.000000 1.000000 1.000000
3455.315430 0.000000 2143.658203 0.000000 0.994386 0.000000 0.105813 1.000000 1.000000 1.000000
3506.365723 0.000000 2172.407227 0.000000 0.526838 0.000000 0.849966 1.000000 1.000000 1.000000
3486.703125 0.000000 2160.679688 0.000000 0.938692 0.000000 0.344757 1.000000 1.000000 1.000000
3500.478271 0.000000 2174.695312 0.000000 0.967249 0.000000 0.253829 1.000000 1.000000 1.000000
3510.080322 0.000000 2174.430176 0.000000 0.681205 0.000000 0.732093 1.000000 1.000000 1.000000
3463.334717 0.000000 2158.736328 0.000000 0.070272 0.000000 0.997528 1.000000 1.000000 1.000000
3460.930664 0.000000 2156.693848 0.000000 0.450774 0.000000 0.892638 1.000000 1.000000 1.000000
3475.236816 0.000000 2173.685303 0.000000 0.801330 0.000000 0.598222 1.000000 1.000000 1.000000
3509.947998 0.000000 2164.438965 0.000000 0.806667 0.000000 0.591006 1.000000 1.000000 1.000000
3557.210205 0.000000 2157.929688 0.000000 0.317409 0.000000 0.948289 1.000000 1.000000 1.000000
3550.703125 0.000000 2160.679688 0.000000 0.887899 0.000000 0.460039 1.000000 1.000000 1.000000
3557.095703 0.000000 2169.050781 0.000000 0.830219 0.000000 0.557437 1.000000 1.000000 1.000000
3545.065674 0.000000 2172.302246 0.000000 0.999792 0.000000 0.020409 1.000000 1.000000 1.000000
3538.711426 0.000000 2154.198486 0.000000 0.959716 0.000000 0.280971 1.000000 1.000000 1.000000
3558.725830 0.000000 2161.065430 0.000000 0.970300 0.000000 0.241906 1.000000 1.000000 1.000000
3542.163086 0.000000 2148.300293 0.000000 0.985791 0.000000 0.167978 1.000000 1.000000 1.000000
3525.467529 0.000000 2162.112061 0.000000 0.717320 0.000000 0.696744 1.000000 1.000000 1.000000
3554.640137 0.000000 2155.829590 0.000000 0.397349 0.000000 0.917668 1.000000 1.000000 1.000000
3564.732910 0.000000 2167.104492 0.000000 0.992355 0.000000 0.123418 1.000000 1.000000 1.000000
3531.076660 0.000000 2167.520264 0.000000 0.928502 0.000000 0.371326 1.000000 1.000000 1.000000
3561.916748 0.000000 2175.792969 0.000000 0.869028 0.000000 0.494763 1.000000 1.000000 1.000000
3560.944580 0.000000 2161.631592 0.000000 0.999716 0.000000 0.023822 1.000000 1.000000 1.000000
3549.121582 0.000000 2169.147461 0.000000 0.464235 0.000000 0.885712 1.000000 1.000000 1.000000
3566.349854 0.000000 2175.579102 0.000000 0.358470 0.000000 0.933541 1.000000 1.000000 1.000000
3336.561523 0.000000 2225.880859 0.000000 0.153755 0.000000 0.988109 1.000000 1.000000 1.000000
3369.306641 0.000000 2206.177979 0.000000 0.342404 0.000000 0.939553 1.000000 1.000000 1.000000
3382.356934 0.000000 2230.923340 0.000000 0.954520 0.000000 0.298148 1.000000 1.000000 1.000000
3339.033447 0.000000 2226.808105 0.000000 0.898942 0.000000 0.438069 1.000000 1.000000 1.000000
3348.203369 0.000000 2200.003174 0.000000 0.746236 0.000000 0.665681 1.000000 1.000000 1.000000
3392.229248 0.000000 2200.886719 0.000000 0.721879 0.000000 0.692020 1.000000 1.000000 1.000000
3410.083252 0.000000 2228.457275 0.000000 0.996754 0.000000 0.080512 1.000000 1.000000 1.000000
3396.120850 0.000000 2177.254639 0.000000 0.394795 0.000000 0.918769 1.000000 1.000000 1.000000
3429.122314 0.000000 2204.998779 0.000000 0.680545 0.000000 0.732707 1.000000 1.000000 1.000000
3423.157227 0.000000 2228.205078 0.000000 0.251088 0.000000 0.967964 1.000000 1.000000 1.000000
3392.023926 0.000000 2204.332275 0.000000 0.777844 0.000000 0.628457 1.000000 1.000000 1.000000
3412.637451 0.000000 2227.133301 0.000000 0.534273 0.000000 0.845312 1.000000 1.000000 1.000000
3365.210205 0.000000 2285.929688 0.000000 0.749353 0.000000 0.662170 1.000000 1.000000 1.000000
3347.627441 0.000000 2278.229980 0.000000 0.638435 0.000000 0.769675 1.000000 1.000000 1.000000
3336.725830 0.000000 2294.708008 0.000000 0.884255 0.000000 0.467004 1.000000 1.000000 1.000000
3333.870850 0.000000 2295.686035 0.000000 0.840075 0.000000 0.542470 1.000000 1.000000 1.000000
3335.254883 0.000000 2292.158447 0.000000 0.421532 0.000000 0.906813 1.000000 1.000000 1.000000
3391.694824 0.000000 2276.460205 0.000000 0.801412 0.000000 0.598113 1.000000 1.000000 1.000000
3390.276367 0.000000 2278.096924 0.000000 0.336361 0.000000 0.941733 1.000000 1.000000 1.000000
3409.064209 0.000000 2257.424316 0.000000 0.602731 0.000000 0.797945 1.000000 1.000000 1.000000
3427.559570 0.000000 2271.153320 0.000000 0.839004 0.000000 0.544125 1.000000 1.000000 1.000000
3403.336670 0.000000 2257.361572 0.000000 0.293074 0.000000 0.956090 1.000000 1.000000 1.000000
3514.416260 0.000000 2189.527588 0.000000 0.706002 0.000000 0.708210 1.000000 1.000000 1.000000
3487.319092 0.000000 2231.947754 0.000000 0.984687 0.000000 0.174334 1.000000 1.000000 1.000000
3472.590576 0.000000 2179.759033 0.000000 0.941054 0.000000 0.338257 1.000000 1.000000 1.000000
3512.699219 0.000000 2215.607178 0.000000 0.165544 0.000000 0.986202 1.000000 1.000000 1.000000
3495.941406 0.000000 2188.199219 0.000000 0.833884 0.000000 0.551940 1.000000 1.000000 1.000000
3503.689453 0.000000 2186.353760 0.000000 0.987742 0.000000 0.156093 1.000000 1.000000 1.000000
3507.167236 0.000000 2186.150879 0.000000 0.740673 0.000000 0.671865 1.000000 1.000000 1.000000
3487.157227 0.000000 2228.205078 0.000000 0.210217 0.000000 0.977655 1.000000 1.000000 1.000000
3508.370850 0.000000 2233.659180 0.000000 0.974907 0.000000 0.222612 1.000000 1.000000 1.000000
3507.088623 0.000000 2176.206299 0.000000 0.017331 0.000000 0.999850 1.000000 1.000000 1.000000
3479.577881 0.000000 2233.747803 0.000000 0.939519 0.000000 0.342498 1.000000 1.000000 1.000000
3519.945312 0.000000 2197.680908 0.000000 0.393072 0.000000 0.919508 1.000000 1.000000 1.000000
3497.644287 0.000000 2189.944824 0.000000 0.023956 0.000000 0.999713 1.000000 1.000000 1.000000
3513.258789 0.000000 2201.535889 0.000000 0.999068 0.000000 0.043165 1.000000 1.000000 1.000000
3513.252197 0.000000 2192.563721 0.000000 0.988188 0.000000 0.153248 1.000000 1.000000 1.000000
3502.709229 0.000000 2179.361328 0.000000 0.714485 0.000000 0.699650 1.000000 1.000000 1.000000
3546.973145 0.000000 2217.816650 0.000000 0.992323 0.000000 0.123671 1.000000 1.000000 1.000000
3541.572998 0.000000 2176.357666 0.000000 0.992613 0.000000 0.121327 1.000000 1.000000 1.000000
3567.553467 0.000000 2177.431885 0.000000 0.999925 0.000000 0.012223 1.000000 1.000000 1.000000
3545.708008 0.000000 2231.805664 0.000000 0.335360 0.000000 0.942090 1.000000 1.000000 1.000000
3532.172119 0.000000 2181.927979 0.000000 0.989608 0.000000 0.143793 1.000000 1.000000 1.000000
3521.917480 0.000000 2196.549072 0.000000 0.167503 0.000000 0.985871 1.000000 1.000000 1.000000
3532.211670 0.000000 2221.101074 0.000000 0.542978 0.000000 0.839747 1.000000 1.000000 1.000000
3545.606445 0.000000 2176.135986 0.000000 0.616421 0.000000 0.787417 1.000000 1.000000 1.000000
3532.911865 0.000000 2194.607422 0.000000 0.884236 0.000000 0.467040 1.000000 1.000000 1.000000
3520.016602 0.000000 2182.866455 0.000000 0.957890 0.000000 0.287135 1.000000 1.000000 1.000000
3523.141357 0.000000 2189.086426 0.000000 0.816434 0.000000 0.577438 1.000000 1.000000 1.000000
3532.537354 0.000000 2185.006348 0.000000 0.612949 0.000000 0.790123 1.000000 1.000000 1.000000
3543.735352 0.000000 2178.405029 0.000000 0.806925 0.000000 0.590653 1.000000 1.000000 1.000000
3543.577881 0.000000 2233.747803 0.000000 0.203492 0.000000 0.979077 1.000000 1.000000 1.000000
3547.797119 0.000000 2220.270020 0.000000 0.491618 0.000000 0.870811 1.000000 1.000000 1.000000
3559.393066 0.000000 2191.058594 0.000000 0.066937 0.000000 0.997757 1.000000 1.000000 1.000000
3533.905029 0.000000 2183.240967 0.000000 0.146637 0.000000 0.989190 1.000000 1.000000 1.000000
3538.673340 0.000000 2179.353516 0.000000 0.244509 0.000000 0.969647 1.000000 1.000000 1.000000
3566.709229 0.000000 2179.361328 0.000000 0.861718 0.000000 0.507388 1.000000 1.000000 1.000000
3522.145996 0.000000 2183.474854 0.000000 0.552984 0.000000 0.833192 1.000000 1.000000 1.000000
3547.983887 0.000000 2193.642334 0.000000 0.792042 0.000000 0.610466 1.000000 1.000000 1.000000
3523.782715 0.000000 2190.982422 0.000000 0.987748 0.000000 0.156058 1.000000 1.000000 1.000000
3457.974854 0.000000 2283.022949 0.000000 0.873656 0.000000 0.486544 1.000000 1.000000 1.000000
3486.934082 0.000000 2268.268066 0.000000 0.736235 0.000000 0.676726 1.000000 1.000000 1.000000
3495.929932 0.000000 2265.592041 0.000000 0.026924 0.000000 0.999637 1.000000 1.000000 1.000000
3461.252441 0.000000 2278.042725 0.000000 0.873770 0.000000 0.486340 1.000000 1.000000 1.000000
3464.366455 0.000000 2279.641602 0.000000 0.846228 0.000000 0.532821 1.000000 1.000000 1.000000
3506.325928 0.000000 2263.655273 0.000000 0.196800 0.000000 0.980444 1.000000 1.000000 1.000000
3520.712646 0.000000 2274.175537 0.000000 0.809178 0.000000 0.587564 1.000000 1.000000 1.000000
3539.875244 0.000000 2245.113281 0.000000 0.617146 0.000000 0.786848 1.000000 1.000000 1.000000
3309.892334 0.000000 2347.312012 0.000000 0.237990 0.000000 0.971268 1.000000 1.000000 1.000000
3313.762695 0.000000 2317.487793 0.000000 0.151464 0.000000 0.988463 1.000000 1.000000 1.000000
3280.590576 0.000000 2307.759033 0.000000 0.238501 0.000000 0.971142 1.000000 1.000000 1.000000
3270.586426 0.000000 2319.758545 0.000000 0.838502 0.000000 0.544899 1.000000 1.000000 1.000000
3327.000488 0.000000 2366.940674 0.000000 0.531382 0.000000 0.847132 1.000000 1.000000 1.000000
3278.705811 0.000000 2321.071777 0.000000 0.100332 0.000000 0.994954 1.000000 1.000000 1.000000
3355.031494 0.000000 2308.294678 0.000000 0.986981 0.000000 0.160837 1.000000 1.000000 1.000000
3621.210205 0.000000 2221.929688 0.000000 0.601772 0.000000 0.798668 1.000000 1.000000 1.000000
3597.428711 0.000000 2232.461914 0.000000 0.667929 0.000000 0.744225 1.000000 1.000000 1.000000
3605.898193 0.000000 2238.725342 0.000000 0.830707 0.000000 0.556709 1.000000 1.000000 1.000000
3621.207031 0.000000 2218.217529 0.000000 0.488478 0.000000 0.872576 1.000000 1.000000 1.000000
"}
object={
	name="tree_cypress_01_generator_1_1"
	render_pass=Map
	clamp_to_water_level=no
	generated_content=yes
	layer="tree_high_layer"
	pdxmesh="tree_cypress_01_b_mesh"
	count=309
	transform="2858.611328 0.000000 1967.847168 0.000000 0.880128 0.000000 -0.474736 1.000000 1.000000 1.000000
2861.261963 0.000000 1969.486816 0.000000 0.996254 0.000000 -0.086480 1.000000 1.000000 1.000000
2874.487793 0.000000 1978.469849 0.000000 0.961581 0.000000 -0.274522 1.000000 1.000000 1.000000
2874.920166 0.000000 1976.652344 0.000000 0.990249 0.000000 -0.139311 1.000000 1.000000 1.000000
2885.573486 0.000000 1983.956909 0.000000 0.915183 0.000000 -0.403039 1.000000 1.000000 1.000000
2865.762695 0.000000 1997.487793 0.000000 0.984193 0.000000 -0.177099 1.000000 1.000000 1.000000
2871.376709 0.000000 2004.529785 0.000000 0.740521 0.000000 -0.672033 1.000000 1.000000 1.000000
2878.265381 0.000000 1994.700684 0.000000 0.859787 0.000000 -0.510652 1.000000 1.000000 1.000000
2864.732422 0.000000 1988.006470 0.000000 0.932394 0.000000 -0.361443 1.000000 1.000000 1.000000
2872.498535 0.000000 1995.837402 0.000000 0.895242 0.000000 -0.445581 1.000000 1.000000 1.000000
2875.037842 0.000000 2008.712036 0.000000 0.972031 0.000000 -0.234854 1.000000 1.000000 1.000000
2889.671875 0.000000 1994.250977 0.000000 0.782776 0.000000 -0.622303 1.000000 1.000000 1.000000
2882.312744 0.000000 1993.467163 0.000000 0.834067 0.000000 -0.551663 1.000000 1.000000 1.000000
2906.162354 0.000000 2011.509766 0.000000 0.706930 0.000000 -0.707283 1.000000 1.000000 1.000000
2904.600586 0.000000 1994.099976 0.000000 0.674608 0.000000 -0.738176 1.000000 1.000000 1.000000
2913.121826 0.000000 2016.121704 0.000000 0.712141 0.000000 -0.702036 1.000000 1.000000 1.000000
2898.959473 0.000000 2013.962769 0.000000 0.909643 0.000000 -0.415392 1.000000 1.000000 1.000000
2892.911865 0.000000 2002.607422 0.000000 0.867305 0.000000 -0.497777 1.000000 1.000000 1.000000
2923.883545 0.000000 2016.944336 0.000000 0.890923 0.000000 -0.454154 1.000000 1.000000 1.000000
2900.391357 0.000000 2000.639160 0.000000 0.732592 0.000000 -0.680669 1.000000 1.000000 1.000000
2893.280762 0.000000 2019.118530 0.000000 0.712685 0.000000 -0.701484 1.000000 1.000000 1.000000
2928.562744 0.000000 2042.309326 0.000000 0.754196 0.000000 -0.656649 1.000000 1.000000 1.000000
2899.219727 0.000000 2002.984009 0.000000 0.950747 0.000000 -0.309968 1.000000 1.000000 1.000000
2880.788086 0.000000 2002.336548 0.000000 0.997063 0.000000 -0.076587 1.000000 1.000000 1.000000
2881.257568 0.000000 1989.175171 0.000000 0.993603 0.000000 -0.112933 1.000000 1.000000 1.000000
2880.571777 0.000000 1992.710693 0.000000 0.892614 0.000000 -0.450821 1.000000 1.000000 1.000000
2903.907227 0.000000 2007.820557 0.000000 0.706224 0.000000 -0.707989 1.000000 1.000000 1.000000
2907.350586 0.000000 1998.291992 0.000000 0.877436 0.000000 -0.479694 1.000000 1.000000 1.000000
2898.819580 0.000000 2001.209717 0.000000 0.972033 0.000000 -0.234844 1.000000 1.000000 1.000000
2994.365723 0.000000 1980.407104 0.000000 0.955394 0.000000 -0.295333 1.000000 1.000000 1.000000
2956.911865 0.000000 1938.607422 0.000000 0.985150 0.000000 -0.171698 1.000000 1.000000 1.000000
2960.745361 0.000000 1969.017822 0.000000 0.947223 0.000000 -0.320575 1.000000 1.000000 1.000000
3024.370361 0.000000 1982.160278 0.000000 0.961080 0.000000 -0.276270 1.000000 1.000000 1.000000
3049.210205 0.000000 1954.904785 0.000000 0.988958 0.000000 -0.148199 1.000000 1.000000 1.000000
2992.281738 0.000000 2005.950928 0.000000 0.985534 0.000000 -0.169479 1.000000 1.000000 1.000000
2981.210205 0.000000 2029.929688 0.000000 0.771190 0.000000 -0.636604 1.000000 1.000000 1.000000
3003.275146 0.000000 2010.601440 0.000000 0.858780 0.000000 -0.512345 1.000000 1.000000 1.000000
2983.853271 0.000000 2023.449951 0.000000 0.921161 0.000000 -0.389181 1.000000 1.000000 1.000000
2977.672363 0.000000 2024.879639 0.000000 0.927684 0.000000 -0.373365 1.000000 1.000000 1.000000
2996.456055 0.000000 2009.110718 0.000000 0.710488 0.000000 -0.703710 1.000000 1.000000 1.000000
2984.809326 0.000000 2027.521362 0.000000 0.998821 0.000000 -0.048539 1.000000 1.000000 1.000000
3005.952393 0.000000 2016.699341 0.000000 0.999798 0.000000 -0.020107 1.000000 1.000000 1.000000
2984.309814 0.000000 2006.478882 0.000000 0.826490 0.000000 -0.562952 1.000000 1.000000 1.000000
2992.732422 0.000000 1988.006470 0.000000 0.728470 0.000000 -0.685078 1.000000 1.000000 1.000000
3004.294434 0.000000 2013.041016 0.000000 0.991916 0.000000 -0.126893 1.000000 1.000000 1.000000
2973.194336 0.000000 2030.420654 0.000000 0.982542 0.000000 -0.186041 1.000000 1.000000 1.000000
2982.786133 0.000000 2028.402954 0.000000 0.881520 0.000000 -0.472147 1.000000 1.000000 1.000000
2988.927002 0.000000 2022.741455 0.000000 0.805507 0.000000 -0.592586 1.000000 1.000000 1.000000
2983.047119 0.000000 2018.402344 0.000000 0.604730 0.000000 -0.796431 1.000000 1.000000 1.000000
3005.282471 0.000000 2014.759888 0.000000 0.910015 0.000000 -0.414575 1.000000 1.000000 1.000000
2991.039795 0.000000 2021.212158 0.000000 0.906647 0.000000 -0.421890 1.000000 1.000000 1.000000
2995.491211 0.000000 2016.351196 0.000000 0.964351 0.000000 -0.264628 1.000000 1.000000 1.000000
2997.841553 0.000000 2015.996460 0.000000 0.678861 0.000000 -0.734267 1.000000 1.000000 1.000000
2977.422607 0.000000 2026.711914 0.000000 0.969351 0.000000 -0.245682 1.000000 1.000000 1.000000
2994.010254 0.000000 2019.873413 0.000000 0.981235 0.000000 -0.192816 1.000000 1.000000 1.000000
3019.373291 0.000000 2021.818604 0.000000 0.918753 0.000000 -0.394832 1.000000 1.000000 1.000000
3057.762695 0.000000 1997.487793 0.000000 0.820894 0.000000 -0.571080 1.000000 1.000000 1.000000
3024.207520 0.000000 2010.596069 0.000000 0.852313 0.000000 -0.523032 1.000000 1.000000 1.000000
3060.677979 0.000000 2030.331421 0.000000 0.755513 0.000000 -0.655133 1.000000 1.000000 1.000000
3013.252441 0.000000 2022.042725 0.000000 0.728883 0.000000 -0.684639 1.000000 1.000000 1.000000
3011.025879 0.000000 2013.487427 0.000000 0.879818 0.000000 -0.475311 1.000000 1.000000 1.000000
3013.866211 0.000000 2017.456055 0.000000 0.999414 0.000000 -0.034241 1.000000 1.000000 1.000000
3008.331299 0.000000 2022.835327 0.000000 0.981525 0.000000 -0.191333 1.000000 1.000000 1.000000
3016.186768 0.000000 2020.134155 0.000000 0.912603 0.000000 -0.408846 1.000000 1.000000 1.000000
3023.504639 0.000000 2013.846924 0.000000 0.884865 0.000000 -0.465847 1.000000 1.000000 1.000000
3048.175781 0.000000 2030.330444 0.000000 0.757080 0.000000 -0.653323 1.000000 1.000000 1.000000
3008.415039 0.000000 2015.452881 0.000000 0.942227 0.000000 -0.334974 1.000000 1.000000 1.000000
3015.838379 0.000000 2006.906494 0.000000 0.999967 0.000000 -0.008098 1.000000 1.000000 1.000000
3058.623047 0.000000 2032.116577 0.000000 0.950728 0.000000 -0.310026 1.000000 1.000000 1.000000
3016.166016 0.000000 2016.014404 0.000000 0.894823 0.000000 -0.446421 1.000000 1.000000 1.000000
3015.835693 0.000000 2009.980225 0.000000 0.984337 0.000000 -0.176295 1.000000 1.000000 1.000000
3021.099854 0.000000 2015.973999 0.000000 0.921313 0.000000 -0.388823 1.000000 1.000000 1.000000
3068.512695 0.000000 2025.554688 0.000000 0.701810 0.000000 -0.712364 1.000000 1.000000 1.000000
3016.660156 0.000000 2018.055298 0.000000 0.913503 0.000000 -0.406831 1.000000 1.000000 1.000000
3017.409668 0.000000 2021.948486 0.000000 0.687008 0.000000 -0.726650 1.000000 1.000000 1.000000
3008.962646 0.000000 2010.655640 0.000000 0.900472 0.000000 -0.434914 1.000000 1.000000 1.000000
3023.311523 0.000000 2018.858521 0.000000 0.986741 0.000000 -0.162301 1.000000 1.000000 1.000000
3022.171143 0.000000 2017.758667 0.000000 0.975133 0.000000 -0.221622 1.000000 1.000000 1.000000
3186.365723 0.000000 1980.407104 0.000000 0.720165 0.000000 -0.693802 1.000000 1.000000 1.000000
3198.173340 0.000000 1971.099121 0.000000 0.974692 0.000000 -0.223551 1.000000 1.000000 1.000000
3180.949707 0.000000 1978.235962 0.000000 0.811464 0.000000 -0.584403 1.000000 1.000000 1.000000
3178.611328 0.000000 1967.847168 0.000000 0.997552 0.000000 -0.069923 1.000000 1.000000 1.000000
3196.728760 0.000000 1975.943481 0.000000 0.992354 0.000000 -0.123425 1.000000 1.000000 1.000000
3193.374268 0.000000 1967.420776 0.000000 0.819652 0.000000 -0.572862 1.000000 1.000000 1.000000
3198.313721 0.000000 1960.150757 0.000000 0.601473 0.000000 -0.798893 1.000000 1.000000 1.000000
3174.725830 0.000000 1969.065430 0.000000 0.939193 0.000000 -0.343390 1.000000 1.000000 1.000000
3186.858154 0.000000 1983.878296 0.000000 0.988482 0.000000 -0.151338 1.000000 1.000000 1.000000
3178.903809 0.000000 1980.461426 0.000000 0.994666 0.000000 -0.103147 1.000000 1.000000 1.000000
3172.481445 0.000000 1973.076538 0.000000 0.896820 0.000000 -0.442395 1.000000 1.000000 1.000000
3163.458008 0.000000 1980.812134 0.000000 0.804174 0.000000 -0.594393 1.000000 1.000000 1.000000
3174.786133 0.000000 1964.402954 0.000000 0.999449 0.000000 -0.033197 1.000000 1.000000 1.000000
3178.766113 0.000000 1977.304077 0.000000 0.933450 0.000000 -0.358707 1.000000 1.000000 1.000000
3179.357422 0.000000 1973.305054 0.000000 0.631924 0.000000 -0.775030 1.000000 1.000000 1.000000
3174.874268 0.000000 1983.343994 0.000000 0.970439 0.000000 -0.241346 1.000000 1.000000 1.000000
3095.673828 0.000000 2034.428345 0.000000 0.660108 0.000000 -0.751171 1.000000 1.000000 1.000000
3075.764160 0.000000 2031.516235 0.000000 0.762608 0.000000 -0.646861 1.000000 1.000000 1.000000
3098.408691 0.000000 2030.532959 0.000000 0.999000 0.000000 -0.044703 1.000000 1.000000 1.000000
3072.278320 0.000000 2030.224487 0.000000 0.958212 0.000000 -0.286059 1.000000 1.000000 1.000000
3080.186768 0.000000 2020.134155 0.000000 0.999046 0.000000 -0.043680 1.000000 1.000000 1.000000
3098.568115 0.000000 2033.466431 0.000000 0.922819 0.000000 -0.385233 1.000000 1.000000 1.000000
3092.637451 0.000000 2035.133179 0.000000 0.874941 0.000000 -0.484229 1.000000 1.000000 1.000000
3094.687500 0.000000 2017.850220 0.000000 0.987652 0.000000 -0.156667 1.000000 1.000000 1.000000
3096.865479 0.000000 2025.229614 0.000000 0.987537 0.000000 -0.157388 1.000000 1.000000 1.000000
3164.366943 0.000000 1991.669678 0.000000 0.962274 0.000000 -0.272084 1.000000 1.000000 1.000000
3171.523926 0.000000 1995.150513 0.000000 0.808650 0.000000 -0.588290 1.000000 1.000000 1.000000
3155.627441 0.000000 2022.229858 0.000000 0.622914 0.000000 -0.782290 1.000000 1.000000 1.000000
3195.670166 0.000000 1990.378418 0.000000 0.995213 0.000000 -0.097725 1.000000 1.000000 1.000000
3197.653320 0.000000 1984.806396 0.000000 0.993413 0.000000 -0.114585 1.000000 1.000000 1.000000
3139.025879 0.000000 2013.487427 0.000000 0.999896 0.000000 -0.014445 1.000000 1.000000 1.000000
3183.760254 0.000000 1990.595703 0.000000 0.868389 0.000000 -0.495884 1.000000 1.000000 1.000000
3155.874268 0.000000 2005.486328 0.000000 0.980435 0.000000 -0.196842 1.000000 1.000000 1.000000
3162.162354 0.000000 2011.509766 0.000000 0.996648 0.000000 -0.081813 1.000000 1.000000 1.000000
3161.606445 0.000000 1984.135986 0.000000 0.959659 0.000000 -0.281166 1.000000 1.000000 1.000000
3154.711426 0.000000 2026.198486 0.000000 0.594203 0.000000 -0.804315 1.000000 1.000000 1.000000
3144.186768 0.000000 2020.134155 0.000000 0.669908 0.000000 -0.742444 1.000000 1.000000 1.000000
3152.860352 0.000000 2007.274780 0.000000 0.983478 0.000000 -0.181027 1.000000 1.000000 1.000000
3145.046387 0.000000 1997.519165 0.000000 0.852142 0.000000 -0.523310 1.000000 1.000000 1.000000
3174.168701 0.000000 1986.670288 0.000000 0.912631 0.000000 -0.408784 1.000000 1.000000 1.000000
3154.536133 0.000000 1985.220215 0.000000 0.873342 0.000000 -0.487107 1.000000 1.000000 1.000000
3197.974365 0.000000 1988.018677 0.000000 0.990273 0.000000 -0.139141 1.000000 1.000000 1.000000
3161.527588 0.000000 1991.397095 0.000000 0.886218 0.000000 -0.463269 1.000000 1.000000 1.000000
3179.962891 0.000000 1999.176514 0.000000 0.942402 0.000000 -0.334482 1.000000 1.000000 1.000000
3189.933594 0.000000 1993.676025 0.000000 0.999243 0.000000 -0.038906 1.000000 1.000000 1.000000
3190.117432 0.000000 1987.095825 0.000000 0.754600 0.000000 -0.656185 1.000000 1.000000 1.000000
3158.142822 0.000000 2004.939331 0.000000 0.998159 0.000000 -0.060644 1.000000 1.000000 1.000000
3147.052979 0.000000 2003.927002 0.000000 0.937457 0.000000 -0.348102 1.000000 1.000000 1.000000
3179.739990 0.000000 1986.272217 0.000000 0.780034 0.000000 -0.625737 1.000000 1.000000 1.000000
3192.225830 0.000000 1986.557983 0.000000 0.981083 0.000000 -0.193589 1.000000 1.000000 1.000000
3146.602051 0.000000 1992.344116 0.000000 0.995454 0.000000 -0.095242 1.000000 1.000000 1.000000
3176.875000 0.000000 1991.443604 0.000000 0.896198 0.000000 -0.443655 1.000000 1.000000 1.000000
3145.409668 0.000000 2021.948486 0.000000 0.998519 0.000000 -0.054397 1.000000 1.000000 1.000000
3153.864014 0.000000 2005.527954 0.000000 0.951827 0.000000 -0.306634 1.000000 1.000000 1.000000
3183.443604 0.000000 1992.410645 0.000000 0.810276 0.000000 -0.586048 1.000000 1.000000 1.000000
3178.524658 0.000000 1984.571411 0.000000 0.818291 0.000000 -0.574804 1.000000 1.000000 1.000000
3153.266357 0.000000 2025.045776 0.000000 0.920186 0.000000 -0.391482 1.000000 1.000000 1.000000
3152.635498 0.000000 2012.423584 0.000000 0.894269 0.000000 -0.447530 1.000000 1.000000 1.000000
3154.882080 0.000000 2004.419922 0.000000 0.901581 0.000000 -0.432609 1.000000 1.000000 1.000000
3205.248779 0.000000 1961.675903 0.000000 0.989873 0.000000 -0.141958 1.000000 1.000000 1.000000
3205.870850 0.000000 1975.686035 0.000000 0.997099 0.000000 -0.076113 1.000000 1.000000 1.000000
3206.899170 0.000000 1968.676880 0.000000 0.999949 0.000000 -0.010074 1.000000 1.000000 1.000000
3207.294678 0.000000 1979.354248 0.000000 0.942988 0.000000 -0.332828 1.000000 1.000000 1.000000
3200.367432 0.000000 1987.297363 0.000000 0.915472 0.000000 -0.402381 1.000000 1.000000 1.000000
3200.769775 0.000000 1984.060547 0.000000 0.999331 0.000000 -0.036564 1.000000 1.000000 1.000000
2920.323730 0.000000 2109.959473 0.000000 0.997014 0.000000 -0.077218 1.000000 1.000000 1.000000
2905.014648 0.000000 2070.339844 0.000000 0.913597 0.000000 -0.406621 1.000000 1.000000 1.000000
2910.934082 0.000000 2076.268066 0.000000 0.988827 0.000000 -0.149071 1.000000 1.000000 1.000000
2919.929932 0.000000 2073.592041 0.000000 0.994511 0.000000 -0.104632 1.000000 1.000000 1.000000
2939.670166 0.000000 2054.378418 0.000000 0.990014 0.000000 -0.140965 1.000000 1.000000 1.000000
2895.584717 0.000000 2080.958496 0.000000 0.926088 0.000000 -0.377307 1.000000 1.000000 1.000000
2912.448730 0.000000 2065.080078 0.000000 0.686838 0.000000 -0.726811 1.000000 1.000000 1.000000
2938.515625 0.000000 2066.426025 0.000000 0.886463 0.000000 -0.462799 1.000000 1.000000 1.000000
2919.417480 0.000000 2056.753906 0.000000 0.934920 0.000000 -0.354858 1.000000 1.000000 1.000000
2906.095947 0.000000 2065.210938 0.000000 0.999996 0.000000 -0.002684 1.000000 1.000000 1.000000
2911.157227 0.000000 2100.205078 0.000000 0.758978 0.000000 -0.651117 1.000000 1.000000 1.000000
2902.163086 0.000000 2084.300293 0.000000 0.869857 0.000000 -0.493304 1.000000 1.000000 1.000000
2915.569336 0.000000 2066.871094 0.000000 0.945563 0.000000 -0.325438 1.000000 1.000000 1.000000
2919.393066 0.000000 2063.058594 0.000000 0.984531 0.000000 -0.175209 1.000000 1.000000 1.000000
2911.789307 0.000000 2050.738770 0.000000 0.915916 0.000000 -0.401370 1.000000 1.000000 1.000000
2911.436279 0.000000 2094.529785 0.000000 0.787076 0.000000 -0.616856 1.000000 1.000000 1.000000
2916.436768 0.000000 2083.163086 0.000000 0.784236 0.000000 -0.620463 1.000000 1.000000 1.000000
2919.047119 0.000000 2082.402344 0.000000 0.601121 0.000000 -0.799158 1.000000 1.000000 1.000000
2926.709229 0.000000 2051.361328 0.000000 0.971582 0.000000 -0.236703 1.000000 1.000000 1.000000
2902.452393 0.000000 2100.231689 0.000000 0.995732 0.000000 -0.092294 1.000000 1.000000 1.000000
2915.358887 0.000000 2071.342529 0.000000 0.706856 0.000000 -0.707358 1.000000 1.000000 1.000000
2920.095703 0.000000 2051.528564 0.000000 0.910619 0.000000 -0.413246 1.000000 1.000000 1.000000
2927.324707 0.000000 2071.805420 0.000000 0.647751 0.000000 -0.761852 1.000000 1.000000 1.000000
2919.011230 0.000000 2054.859131 0.000000 0.598128 0.000000 -0.801401 1.000000 1.000000 1.000000
2918.425781 0.000000 2095.262695 0.000000 0.940261 0.000000 -0.340455 1.000000 1.000000 1.000000
2912.468994 0.000000 2084.093262 0.000000 0.937634 0.000000 -0.347624 1.000000 1.000000 1.000000
2915.677246 0.000000 2098.671143 0.000000 0.917260 0.000000 -0.398290 1.000000 1.000000 1.000000
2900.808350 0.000000 2070.672607 0.000000 0.709429 0.000000 -0.704777 1.000000 1.000000 1.000000
2914.312744 0.000000 2098.146973 0.000000 0.956551 0.000000 -0.291564 1.000000 1.000000 1.000000
2913.600830 0.000000 2087.136230 0.000000 0.956004 0.000000 -0.293352 1.000000 1.000000 1.000000
2912.897461 0.000000 2110.758301 0.000000 0.928356 0.000000 -0.371692 1.000000 1.000000 1.000000
2938.416260 0.000000 2125.527588 0.000000 0.999989 0.000000 -0.004717 1.000000 1.000000 1.000000
2904.600586 0.000000 2122.100098 0.000000 0.865039 0.000000 -0.501705 1.000000 1.000000 1.000000
2943.692627 0.000000 2130.553467 0.000000 0.999989 0.000000 -0.004598 1.000000 1.000000 1.000000
2943.981445 0.000000 2121.215332 0.000000 0.740933 0.000000 -0.671579 1.000000 1.000000 1.000000
2943.277100 0.000000 2114.149902 0.000000 0.696363 0.000000 -0.717690 1.000000 1.000000 1.000000
2922.307129 0.000000 2115.899902 0.000000 0.946574 0.000000 -0.322488 1.000000 1.000000 1.000000
2943.509033 0.000000 2116.986816 0.000000 0.669052 0.000000 -0.743215 1.000000 1.000000 1.000000
2920.885254 0.000000 2112.556396 0.000000 0.906134 0.000000 -0.422990 1.000000 1.000000 1.000000
2946.312744 0.000000 2057.467285 0.000000 0.764873 0.000000 -0.644181 1.000000 1.000000 1.000000
2944.013672 0.000000 2060.653320 0.000000 0.599324 0.000000 -0.800507 1.000000 1.000000 1.000000
2953.671875 0.000000 2122.250977 0.000000 0.840173 0.000000 -0.542318 1.000000 1.000000 1.000000
2953.280762 0.000000 2118.682617 0.000000 0.973868 0.000000 -0.227116 1.000000 1.000000 1.000000
2944.571777 0.000000 2120.710693 0.000000 0.763617 0.000000 -0.645670 1.000000 1.000000 1.000000
3186.365723 0.000000 2172.407227 0.000000 0.999582 0.000000 -0.028898 1.000000 1.000000 1.000000
3155.874268 0.000000 2133.486328 0.000000 0.827385 0.000000 -0.561635 1.000000 1.000000 1.000000
3160.600586 0.000000 2122.100098 0.000000 0.691945 0.000000 -0.721951 1.000000 1.000000 1.000000
3152.064697 0.000000 2148.701904 0.000000 0.773325 0.000000 -0.634009 1.000000 1.000000 1.000000
3155.875244 0.000000 2117.113281 0.000000 0.941217 0.000000 -0.337802 1.000000 1.000000 1.000000
3186.858154 0.000000 2175.878418 0.000000 0.997181 0.000000 -0.075029 1.000000 1.000000 1.000000
3147.949951 0.000000 2124.437256 0.000000 0.969660 0.000000 -0.244457 1.000000 1.000000 1.000000
3166.910645 0.000000 2132.855225 0.000000 0.798141 0.000000 -0.602471 1.000000 1.000000 1.000000
3164.221191 0.000000 2141.343018 0.000000 0.635611 0.000000 -0.772010 1.000000 1.000000 1.000000
3177.066406 0.000000 2131.226807 0.000000 0.615251 0.000000 -0.788332 1.000000 1.000000 1.000000
3147.019043 0.000000 2134.267578 0.000000 0.862951 0.000000 -0.505287 1.000000 1.000000 1.000000
3173.225830 0.000000 2151.619141 0.000000 0.654121 0.000000 -0.756390 1.000000 1.000000 1.000000
3161.631836 0.000000 2131.833496 0.000000 0.977333 0.000000 -0.211708 1.000000 1.000000 1.000000
3149.817627 0.000000 2150.457031 0.000000 0.779109 0.000000 -0.626888 1.000000 1.000000 1.000000
3168.939941 0.000000 2161.623535 0.000000 0.881774 0.000000 -0.471672 1.000000 1.000000 1.000000
3156.507324 0.000000 2143.782227 0.000000 0.691148 0.000000 -0.722714 1.000000 1.000000 1.000000
3151.953857 0.000000 2163.270264 0.000000 0.960641 0.000000 -0.277792 1.000000 1.000000 1.000000
3160.088867 0.000000 2124.448730 0.000000 0.671172 0.000000 -0.741302 1.000000 1.000000 1.000000
3160.026123 0.000000 2128.245850 0.000000 0.941370 0.000000 -0.337376 1.000000 1.000000 1.000000
3154.337402 0.000000 2118.711670 0.000000 0.987186 0.000000 -0.159571 1.000000 1.000000 1.000000
3157.859131 0.000000 2150.653564 0.000000 0.968208 0.000000 -0.250146 1.000000 1.000000 1.000000
3157.727051 0.000000 2116.411865 0.000000 0.997528 0.000000 -0.070264 1.000000 1.000000 1.000000
3167.423340 0.000000 2134.722900 0.000000 0.984061 0.000000 -0.177830 1.000000 1.000000 1.000000
3155.892578 0.000000 2155.777588 0.000000 0.921593 0.000000 -0.388157 1.000000 1.000000 1.000000
3150.274902 0.000000 2148.720947 0.000000 0.922105 0.000000 -0.386939 1.000000 1.000000 1.000000
3161.977051 0.000000 2144.087402 0.000000 0.987568 0.000000 -0.157191 1.000000 1.000000 1.000000
3152.166992 0.000000 2136.854248 0.000000 0.667745 0.000000 -0.744390 1.000000 1.000000 1.000000
3157.261719 0.000000 2121.323730 0.000000 0.996979 0.000000 -0.077671 1.000000 1.000000 1.000000
3166.176270 0.000000 2137.188232 0.000000 0.925960 0.000000 -0.377622 1.000000 1.000000 1.000000
3158.250732 0.000000 2118.460693 0.000000 0.828705 0.000000 -0.559685 1.000000 1.000000 1.000000
3160.265381 0.000000 2144.340332 0.000000 0.649034 0.000000 -0.760760 1.000000 1.000000 1.000000
3285.898193 0.000000 2110.725342 0.000000 0.674166 0.000000 -0.738580 1.000000 1.000000 1.000000
3205.870850 0.000000 2167.686035 0.000000 0.726809 0.000000 -0.686840 1.000000 1.000000 1.000000
3207.254883 0.000000 2164.158447 0.000000 0.924194 0.000000 -0.381924 1.000000 1.000000 1.000000
3283.637207 0.000000 2121.028809 0.000000 0.977435 0.000000 -0.211236 1.000000 1.000000 1.000000
3286.726562 0.000000 2126.325928 0.000000 0.999817 0.000000 -0.019122 1.000000 1.000000 1.000000
3282.959473 0.000000 2141.962646 0.000000 0.993567 0.000000 -0.113250 1.000000 1.000000 1.000000
3294.574463 0.000000 2156.103027 0.000000 0.733602 0.000000 -0.679579 1.000000 1.000000 1.000000
3285.874756 0.000000 2166.274414 0.000000 0.694817 0.000000 -0.719187 1.000000 1.000000 1.000000
3282.711426 0.000000 2154.198486 0.000000 0.970994 0.000000 -0.239105 1.000000 1.000000 1.000000
3297.277344 0.000000 2125.673096 0.000000 0.629488 0.000000 -0.777010 1.000000 1.000000 1.000000
3273.304443 0.000000 2129.271240 0.000000 0.738463 0.000000 -0.674294 1.000000 1.000000 1.000000
3289.099365 0.000000 2145.670410 0.000000 0.825243 0.000000 -0.564778 1.000000 1.000000 1.000000
3304.309814 0.000000 2134.479004 0.000000 0.695713 0.000000 -0.718320 1.000000 1.000000 1.000000
3288.228271 0.000000 2137.582520 0.000000 0.912552 0.000000 -0.408960 1.000000 1.000000 1.000000
3281.357178 0.000000 2122.443604 0.000000 0.942351 0.000000 -0.334626 1.000000 1.000000 1.000000
3275.019043 0.000000 2134.267578 0.000000 0.926921 0.000000 -0.375257 1.000000 1.000000 1.000000
3271.379395 0.000000 2130.344238 0.000000 0.787305 0.000000 -0.616564 1.000000 1.000000 1.000000
3295.565674 0.000000 2118.771484 0.000000 0.969592 0.000000 -0.244728 1.000000 1.000000 1.000000
3296.390625 0.000000 2131.297119 0.000000 0.691700 0.000000 -0.722185 1.000000 1.000000 1.000000
3297.223877 0.000000 2139.067871 0.000000 0.953232 0.000000 -0.302240 1.000000 1.000000 1.000000
3295.423340 0.000000 2134.722900 0.000000 0.928451 0.000000 -0.371456 1.000000 1.000000 1.000000
3152.370361 0.000000 2238.160400 0.000000 0.833715 0.000000 -0.552194 1.000000 1.000000 1.000000
3161.410400 0.000000 2212.740967 0.000000 0.813927 0.000000 -0.580967 1.000000 1.000000 1.000000
3177.959961 0.000000 2231.235596 0.000000 0.711642 0.000000 -0.702543 1.000000 1.000000 1.000000
3157.898193 0.000000 2238.725342 0.000000 0.993387 0.000000 -0.114814 1.000000 1.000000 1.000000
3175.417480 0.000000 2248.753906 0.000000 0.999872 0.000000 -0.016021 1.000000 1.000000 1.000000
3239.853271 0.000000 2215.449951 0.000000 0.803135 0.000000 -0.595797 1.000000 1.000000 1.000000
3211.854736 0.000000 2191.435059 0.000000 0.863392 0.000000 -0.504533 1.000000 1.000000 1.000000
3240.751221 0.000000 2181.386230 0.000000 0.754572 0.000000 -0.656218 1.000000 1.000000 1.000000
3275.854736 0.000000 2191.435059 0.000000 0.989716 0.000000 -0.143043 1.000000 1.000000 1.000000
3275.688965 0.000000 2234.299561 0.000000 0.680533 0.000000 -0.732717 1.000000 1.000000 1.000000
3315.701172 0.000000 2276.844727 0.000000 0.832769 0.000000 -0.553621 1.000000 1.000000 1.000000
3301.349609 0.000000 2273.140137 0.000000 0.800767 0.000000 -0.598976 1.000000 1.000000 1.000000
3288.890625 0.000000 2283.964600 0.000000 0.993286 0.000000 -0.115683 1.000000 1.000000 1.000000
3273.458496 0.000000 2292.552490 0.000000 0.958584 0.000000 -0.284808 1.000000 1.000000 1.000000
3373.218750 0.000000 2148.399902 0.000000 0.703597 0.000000 -0.710599 1.000000 1.000000 1.000000
3380.107178 0.000000 2162.510010 0.000000 0.780144 0.000000 -0.625600 1.000000 1.000000 1.000000
3437.650391 0.000000 2164.468506 0.000000 0.711363 0.000000 -0.702825 1.000000 1.000000 1.000000
3439.768066 0.000000 2167.587402 0.000000 0.999630 0.000000 -0.027213 1.000000 1.000000 1.000000
3474.721924 0.000000 2171.512939 0.000000 0.985912 0.000000 -0.167263 1.000000 1.000000 1.000000
3560.323730 0.000000 2173.959473 0.000000 0.990009 0.000000 -0.141005 1.000000 1.000000 1.000000
3533.428711 0.000000 2168.461914 0.000000 0.988861 0.000000 -0.148842 1.000000 1.000000 1.000000
3536.370361 0.000000 2174.160400 0.000000 0.740309 0.000000 -0.672267 1.000000 1.000000 1.000000
3557.207031 0.000000 2154.217529 0.000000 0.771306 0.000000 -0.636464 1.000000 1.000000 1.000000
3529.161621 0.000000 2170.236328 0.000000 0.995709 0.000000 -0.092537 1.000000 1.000000 1.000000
3547.829346 0.000000 2146.998291 0.000000 0.664626 0.000000 -0.747176 1.000000 1.000000 1.000000
3555.784912 0.000000 2161.119385 0.000000 0.982606 0.000000 -0.185703 1.000000 1.000000 1.000000
3557.225830 0.000000 2151.619141 0.000000 0.995746 0.000000 -0.092141 1.000000 1.000000 1.000000
3552.013184 0.000000 2172.025635 0.000000 0.927411 0.000000 -0.374045 1.000000 1.000000 1.000000
3529.032959 0.000000 2172.223633 0.000000 0.977315 0.000000 -0.211789 1.000000 1.000000 1.000000
3555.200195 0.000000 2168.933105 0.000000 0.981428 0.000000 -0.191833 1.000000 1.000000 1.000000
3547.278076 0.000000 2148.911133 0.000000 0.855487 0.000000 -0.517825 1.000000 1.000000 1.000000
3546.065186 0.000000 2147.145508 0.000000 0.901174 0.000000 -0.433458 1.000000 1.000000 1.000000
3328.367432 0.000000 2179.297363 0.000000 0.845590 0.000000 -0.533833 1.000000 1.000000 1.000000
3367.929932 0.000000 2201.592041 0.000000 0.623349 0.000000 -0.781944 1.000000 1.000000 1.000000
3383.659180 0.000000 2233.764648 0.000000 0.968385 0.000000 -0.249460 1.000000 1.000000 1.000000
3341.640869 0.000000 2225.921875 0.000000 0.879176 0.000000 -0.476498 1.000000 1.000000 1.000000
3366.374756 0.000000 2196.287109 0.000000 0.603902 0.000000 -0.797059 1.000000 1.000000 1.000000
3340.211670 0.000000 2221.101074 0.000000 0.996399 0.000000 -0.084787 1.000000 1.000000 1.000000
3365.122314 0.000000 2204.998779 0.000000 0.995833 0.000000 -0.091198 1.000000 1.000000 1.000000
3423.319092 0.000000 2231.947754 0.000000 0.820653 0.000000 -0.571427 1.000000 1.000000 1.000000
3452.463379 0.000000 2219.821045 0.000000 0.948596 0.000000 -0.316488 1.000000 1.000000 1.000000
3405.661377 0.000000 2197.948975 0.000000 0.829388 0.000000 -0.558672 1.000000 1.000000 1.000000
3454.313721 0.000000 2216.150879 0.000000 0.688418 0.000000 -0.725315 1.000000 1.000000 1.000000
3429.556152 0.000000 2202.277588 0.000000 0.776179 0.000000 -0.630513 1.000000 1.000000 1.000000
3341.661377 0.000000 2261.948975 0.000000 0.957206 0.000000 -0.289406 1.000000 1.000000 1.000000
3332.492432 0.000000 2293.102539 0.000000 0.795776 0.000000 -0.605590 1.000000 1.000000 1.000000
3365.207031 0.000000 2282.217529 0.000000 0.981826 0.000000 -0.189784 1.000000 1.000000 1.000000
3386.345215 0.000000 2281.899170 0.000000 0.670296 0.000000 -0.742094 1.000000 1.000000 1.000000
3334.542969 0.000000 2293.876465 0.000000 0.948944 0.000000 -0.315445 1.000000 1.000000 1.000000
3392.712646 0.000000 2274.175537 0.000000 0.989965 0.000000 -0.141311 1.000000 1.000000 1.000000
3425.121826 0.000000 2272.121582 0.000000 0.647638 0.000000 -0.761948 1.000000 1.000000 1.000000
3493.095703 0.000000 2233.050781 0.000000 0.693857 0.000000 -0.720113 1.000000 1.000000 1.000000
3503.760254 0.000000 2182.595703 0.000000 0.978190 0.000000 -0.207710 1.000000 1.000000 1.000000
3512.031250 0.000000 2180.688721 0.000000 0.804519 0.000000 -0.593928 1.000000 1.000000 1.000000
3515.085938 0.000000 2196.743652 0.000000 0.946323 0.000000 -0.323223 1.000000 1.000000 1.000000
3503.443604 0.000000 2184.410645 0.000000 0.908999 0.000000 -0.416799 1.000000 1.000000 1.000000
3560.323730 0.000000 2237.959473 0.000000 0.901266 0.000000 -0.433267 1.000000 1.000000 1.000000
3582.173340 0.000000 2227.099121 0.000000 0.651855 0.000000 -0.758344 1.000000 1.000000 1.000000
3531.854736 0.000000 2191.435059 0.000000 0.934113 0.000000 -0.356977 1.000000 1.000000 1.000000
3543.480469 0.000000 2181.307617 0.000000 0.624998 0.000000 -0.780627 1.000000 1.000000 1.000000
3539.219727 0.000000 2194.983887 0.000000 0.875721 0.000000 -0.482818 1.000000 1.000000 1.000000
3540.696045 0.000000 2178.732422 0.000000 0.999766 0.000000 -0.021633 1.000000 1.000000 1.000000
3549.998535 0.000000 2193.651611 0.000000 0.912538 0.000000 -0.408993 1.000000 1.000000 1.000000
3504.281738 0.000000 2261.950928 0.000000 0.592891 0.000000 -0.805283 1.000000 1.000000 1.000000
3475.874268 0.000000 2261.486328 0.000000 0.625857 0.000000 -0.779938 1.000000 1.000000 1.000000
3517.952393 0.000000 2272.699219 0.000000 0.980734 0.000000 -0.195346 1.000000 1.000000 1.000000
3458.896973 0.000000 2280.012695 0.000000 0.999494 0.000000 -0.031816 1.000000 1.000000 1.000000
3280.064697 0.000000 2340.701904 0.000000 0.950337 0.000000 -0.311222 1.000000 1.000000 1.000000
3279.162842 0.000000 2318.655762 0.000000 0.822331 0.000000 -0.569009 1.000000 1.000000 1.000000
3332.120850 0.000000 2369.254639 0.000000 0.896123 0.000000 -0.443806 1.000000 1.000000 1.000000
"}
object={
	name="tree_cypress_01_generator_1_2"
	render_pass=Map
	clamp_to_water_level=no
	generated_content=yes
	layer="tree_high_layer"
	pdxmesh="tree_cypress_01_c_mesh"
	count=177
	transform="2861.218750 0.000000 1956.399780 0.000000 0.451113 0.000000 -0.892467 1.000000 1.000000 1.000000
2863.768066 0.000000 1975.587402 0.000000 0.027378 0.000000 -0.999625 1.000000 1.000000 1.000000
2857.965576 0.000000 1965.952026 0.000000 0.301212 0.000000 -0.953557 1.000000 1.000000 1.000000
2871.058105 0.000000 1984.752075 0.000000 0.525739 0.000000 -0.850646 1.000000 1.000000 1.000000
2868.888672 0.000000 1991.308228 0.000000 0.442187 0.000000 -0.896923 1.000000 1.000000 1.000000
2872.689209 0.000000 1993.062744 0.000000 0.074362 0.000000 -0.997231 1.000000 1.000000 1.000000
2897.064209 0.000000 2001.424316 0.000000 0.146783 0.000000 -0.989169 1.000000 1.000000 1.000000
2880.712646 0.000000 2018.175537 0.000000 0.278146 0.000000 -0.960539 1.000000 1.000000 1.000000
2905.014648 0.000000 2006.339844 0.000000 0.340180 0.000000 -0.940360 1.000000 1.000000 1.000000
2894.736816 0.000000 1995.170776 0.000000 0.260052 0.000000 -0.965595 1.000000 1.000000 1.000000
2909.620605 0.000000 2007.662842 0.000000 0.211809 0.000000 -0.977311 1.000000 1.000000 1.000000
2880.013672 0.000000 1996.653442 0.000000 0.252986 0.000000 -0.967470 1.000000 1.000000 1.000000
2880.016602 0.000000 1990.866577 0.000000 0.236198 0.000000 -0.971705 1.000000 1.000000 1.000000
2891.949951 0.000000 1996.437378 0.000000 0.477429 0.000000 -0.878670 1.000000 1.000000 1.000000
2902.151123 0.000000 2007.355591 0.000000 0.188979 0.000000 -0.981981 1.000000 1.000000 1.000000
2907.829346 0.000000 2018.998291 0.000000 0.378172 0.000000 -0.925735 1.000000 1.000000 1.000000
2891.052979 0.000000 2003.927002 0.000000 0.029992 0.000000 -0.999550 1.000000 1.000000 1.000000
2915.583496 0.000000 2011.590088 0.000000 0.394638 0.000000 -0.918836 1.000000 1.000000 1.000000
2901.168213 0.000000 2003.255859 0.000000 0.402780 0.000000 -0.915297 1.000000 1.000000 1.000000
2995.701172 0.000000 1956.844727 0.000000 0.499037 0.000000 -0.866581 1.000000 1.000000 1.000000
2994.858154 0.000000 1983.878296 0.000000 0.445092 0.000000 -0.895485 1.000000 1.000000 1.000000
2971.928955 0.000000 2036.033691 0.000000 0.468545 0.000000 -0.883440 1.000000 1.000000 1.000000
2982.725830 0.000000 2033.065430 0.000000 0.143593 0.000000 -0.989637 1.000000 1.000000 1.000000
2992.406250 0.000000 2009.438843 0.000000 0.111565 0.000000 -0.993757 1.000000 1.000000 1.000000
2970.568115 0.000000 2033.466431 0.000000 0.129796 0.000000 -0.991541 1.000000 1.000000 1.000000
2982.862305 0.000000 2020.513672 0.000000 0.009328 0.000000 -0.999956 1.000000 1.000000 1.000000
2987.660889 0.000000 2002.414185 0.000000 0.016626 0.000000 -0.999862 1.000000 1.000000 1.000000
2979.559570 0.000000 2015.153198 0.000000 0.106736 0.000000 -0.994287 1.000000 1.000000 1.000000
2985.910645 0.000000 2016.270874 0.000000 0.240064 0.000000 -0.970757 1.000000 1.000000 1.000000
2979.666992 0.000000 2025.121216 0.000000 0.140612 0.000000 -0.990065 1.000000 1.000000 1.000000
2985.835693 0.000000 2023.400635 0.000000 0.217946 0.000000 -0.975961 1.000000 1.000000 1.000000
2990.437988 0.000000 2023.150879 0.000000 0.540789 0.000000 -0.841158 1.000000 1.000000 1.000000
3064.645264 0.000000 2036.367310 0.000000 0.391130 0.000000 -0.920336 1.000000 1.000000 1.000000
3068.463379 0.000000 2027.821045 0.000000 0.509955 0.000000 -0.860201 1.000000 1.000000 1.000000
3059.368652 0.000000 2001.918701 0.000000 0.057187 0.000000 -0.998363 1.000000 1.000000 1.000000
3035.031494 0.000000 1988.294800 0.000000 0.512695 0.000000 -0.858571 1.000000 1.000000 1.000000
3019.433594 0.000000 2025.447021 0.000000 0.219769 0.000000 -0.975552 1.000000 1.000000 1.000000
3056.290527 0.000000 2019.640625 0.000000 0.487621 0.000000 -0.873055 1.000000 1.000000 1.000000
3067.648193 0.000000 2037.040283 0.000000 0.114775 0.000000 -0.993391 1.000000 1.000000 1.000000
3018.748779 0.000000 2019.632812 0.000000 0.140149 0.000000 -0.990130 1.000000 1.000000 1.000000
3020.525635 0.000000 2027.049805 0.000000 0.460278 0.000000 -0.887775 1.000000 1.000000 1.000000
3062.572021 0.000000 2031.742065 0.000000 0.297687 0.000000 -0.954663 1.000000 1.000000 1.000000
3176.323730 0.000000 1981.959473 0.000000 0.086371 0.000000 -0.996263 1.000000 1.000000 1.000000
3190.080322 0.000000 1982.430054 0.000000 0.377562 0.000000 -0.925984 1.000000 1.000000 1.000000
3157.898193 0.000000 1982.725342 0.000000 0.567191 0.000000 -0.823586 1.000000 1.000000 1.000000
3176.925537 0.000000 1978.553467 0.000000 0.560264 0.000000 -0.828314 1.000000 1.000000 1.000000
3199.100098 0.000000 1978.470459 0.000000 0.294527 0.000000 -0.955643 1.000000 1.000000 1.000000
3083.378418 0.000000 1984.790649 0.000000 0.047029 0.000000 -0.998893 1.000000 1.000000 1.000000
3083.433594 0.000000 2025.447021 0.000000 0.043187 0.000000 -0.999067 1.000000 1.000000 1.000000
3076.930664 0.000000 2028.693970 0.000000 0.393269 0.000000 -0.919424 1.000000 1.000000 1.000000
3079.838379 0.000000 2006.906494 0.000000 0.565311 0.000000 -0.824878 1.000000 1.000000 1.000000
3099.797119 0.000000 2028.270020 0.000000 0.580235 0.000000 -0.814449 1.000000 1.000000 1.000000
3100.727295 0.000000 2033.973755 0.000000 0.099519 0.000000 -0.995036 1.000000 1.000000 1.000000
3095.235840 0.000000 2026.692261 0.000000 0.196097 0.000000 -0.980585 1.000000 1.000000 1.000000
3145.671875 0.000000 1994.250977 0.000000 0.267890 0.000000 -0.963450 1.000000 1.000000 1.000000
3147.373291 0.000000 2021.818604 0.000000 0.299827 0.000000 -0.953994 1.000000 1.000000 1.000000
3144.797852 0.000000 2004.335449 0.000000 0.289498 0.000000 -0.957179 1.000000 1.000000 1.000000
3149.661377 0.000000 2005.948853 0.000000 0.559032 0.000000 -0.829146 1.000000 1.000000 1.000000
3172.396973 0.000000 2000.374512 0.000000 0.429240 0.000000 -0.903190 1.000000 1.000000 1.000000
3168.857666 0.000000 1988.969849 0.000000 0.264834 0.000000 -0.964294 1.000000 1.000000 1.000000
3192.031250 0.000000 1988.688599 0.000000 0.554769 0.000000 -0.832005 1.000000 1.000000 1.000000
3169.277344 0.000000 1997.673218 0.000000 0.132128 0.000000 -0.991233 1.000000 1.000000 1.000000
3142.541992 0.000000 1992.038086 0.000000 0.413765 0.000000 -0.910384 1.000000 1.000000 1.000000
3162.095947 0.000000 2001.210938 0.000000 0.490781 0.000000 -0.871283 1.000000 1.000000 1.000000
3173.543457 0.000000 2007.342041 0.000000 0.108827 0.000000 -0.994061 1.000000 1.000000 1.000000
3184.732422 0.000000 1988.006470 0.000000 0.460801 0.000000 -0.887504 1.000000 1.000000 1.000000
3160.228271 0.000000 2009.582642 0.000000 0.232602 0.000000 -0.972572 1.000000 1.000000 1.000000
3149.099854 0.000000 2015.973999 0.000000 0.011171 0.000000 -0.999938 1.000000 1.000000 1.000000
3163.537598 0.000000 2006.039062 0.000000 0.295108 0.000000 -0.955464 1.000000 1.000000 1.000000
3172.208984 0.000000 2005.414673 0.000000 0.286532 0.000000 -0.958071 1.000000 1.000000 1.000000
3156.775391 0.000000 2012.481567 0.000000 0.263792 0.000000 -0.964580 1.000000 1.000000 1.000000
3173.411133 0.000000 1984.264526 0.000000 0.029417 0.000000 -0.999567 1.000000 1.000000 1.000000
3157.395020 0.000000 2018.897827 0.000000 0.025130 0.000000 -0.999684 1.000000 1.000000 1.000000
3205.561279 0.000000 1978.570312 0.000000 0.172671 0.000000 -0.984980 1.000000 1.000000 1.000000
3200.100586 0.000000 1981.086426 0.000000 0.381577 0.000000 -0.924337 1.000000 1.000000 1.000000
3209.161621 0.000000 1978.236450 0.000000 0.195542 0.000000 -0.980695 1.000000 1.000000 1.000000
3204.930664 0.000000 1964.693970 0.000000 0.506674 0.000000 -0.862138 1.000000 1.000000 1.000000
3200.017578 0.000000 1978.450195 0.000000 0.387725 0.000000 -0.921775 1.000000 1.000000 1.000000
3202.026123 0.000000 1980.529297 0.000000 0.141051 0.000000 -0.990002 1.000000 1.000000 1.000000
2900.968506 0.000000 2107.060791 0.000000 0.458564 0.000000 -0.888662 1.000000 1.000000 1.000000
2932.888672 0.000000 2055.308105 0.000000 0.569753 0.000000 -0.821816 1.000000 1.000000 1.000000
2919.853271 0.000000 2087.449951 0.000000 0.511796 0.000000 -0.859107 1.000000 1.000000 1.000000
2893.640869 0.000000 2097.921875 0.000000 0.426376 0.000000 -0.904546 1.000000 1.000000 1.000000
2898.546143 0.000000 2061.387207 0.000000 0.011547 0.000000 -0.999933 1.000000 1.000000 1.000000
2902.794189 0.000000 2088.649170 0.000000 0.512176 0.000000 -0.858881 1.000000 1.000000 1.000000
2898.711426 0.000000 2090.198486 0.000000 0.080128 0.000000 -0.996785 1.000000 1.000000 1.000000
2913.932373 0.000000 2077.070557 0.000000 0.510280 0.000000 -0.860008 1.000000 1.000000 1.000000
2923.321777 0.000000 2092.613525 0.000000 0.088627 0.000000 -0.996065 1.000000 1.000000 1.000000
2934.006348 0.000000 2066.454102 0.000000 0.565451 0.000000 -0.824782 1.000000 1.000000 1.000000
2918.188232 0.000000 2078.961670 0.000000 0.249429 0.000000 -0.968393 1.000000 1.000000 1.000000
2901.890869 0.000000 2097.067383 0.000000 0.032365 0.000000 -0.999476 1.000000 1.000000 1.000000
2943.129150 0.000000 2061.933594 0.000000 0.274503 0.000000 -0.961586 1.000000 1.000000 1.000000
2905.959473 0.000000 2099.441162 0.000000 0.322160 0.000000 -0.946685 1.000000 1.000000 1.000000
2898.009033 0.000000 2092.065918 0.000000 0.300472 0.000000 -0.953791 1.000000 1.000000 1.000000
2921.835693 0.000000 2087.400635 0.000000 0.402882 0.000000 -0.915252 1.000000 1.000000 1.000000
2914.207031 0.000000 2096.348877 0.000000 0.092034 0.000000 -0.995756 1.000000 1.000000 1.000000
2912.856934 0.000000 2078.326416 0.000000 0.133005 0.000000 -0.991115 1.000000 1.000000 1.000000
2918.874268 0.000000 2111.343994 0.000000 0.111796 0.000000 -0.993731 1.000000 1.000000 1.000000
2894.718994 0.000000 2073.929199 0.000000 0.191114 0.000000 -0.981568 1.000000 1.000000 1.000000
2913.632324 0.000000 2081.577148 0.000000 0.289814 0.000000 -0.957083 1.000000 1.000000 1.000000
2915.375244 0.000000 2115.457275 0.000000 0.005671 0.000000 -0.999984 1.000000 1.000000 1.000000
2915.069092 0.000000 2118.123535 0.000000 0.528469 0.000000 -0.848952 1.000000 1.000000 1.000000
2936.225830 0.000000 2114.558105 0.000000 0.336668 0.000000 -0.941623 1.000000 1.000000 1.000000
2911.677979 0.000000 2124.877686 0.000000 0.459490 0.000000 -0.888183 1.000000 1.000000 1.000000
2919.680664 0.000000 2113.819336 0.000000 0.571240 0.000000 -0.820783 1.000000 1.000000 1.000000
2947.141357 0.000000 2061.086426 0.000000 0.220782 0.000000 -0.975323 1.000000 1.000000 1.000000
2951.954834 0.000000 2123.723877 0.000000 0.418705 0.000000 -0.908122 1.000000 1.000000 1.000000
3156.968506 0.000000 2107.060791 0.000000 0.002933 0.000000 -0.999996 1.000000 1.000000 1.000000
3165.569336 0.000000 2107.336182 0.000000 0.171051 0.000000 -0.985262 1.000000 1.000000 1.000000
3177.306641 0.000000 2142.177979 0.000000 0.573254 0.000000 -0.819377 1.000000 1.000000 1.000000
3147.433594 0.000000 2153.447021 0.000000 0.168054 0.000000 -0.985778 1.000000 1.000000 1.000000
3171.583496 0.000000 2139.590088 0.000000 0.366052 0.000000 -0.930594 1.000000 1.000000 1.000000
3159.571045 0.000000 2175.999268 0.000000 0.391399 0.000000 -0.920221 1.000000 1.000000 1.000000
3165.354248 0.000000 2142.992432 0.000000 0.587421 0.000000 -0.809281 1.000000 1.000000 1.000000
3153.266357 0.000000 2153.045654 0.000000 0.391440 0.000000 -0.920204 1.000000 1.000000 1.000000
3166.046143 0.000000 2134.388916 0.000000 0.066240 0.000000 -0.997804 1.000000 1.000000 1.000000
3291.092285 0.000000 2106.222900 0.000000 0.415494 0.000000 -0.909596 1.000000 1.000000 1.000000
3264.100586 0.000000 2173.086426 0.000000 0.078070 0.000000 -0.996948 1.000000 1.000000 1.000000
3267.025879 0.000000 2141.487305 0.000000 0.056487 0.000000 -0.998403 1.000000 1.000000 1.000000
3298.930176 0.000000 2137.593506 0.000000 0.292436 0.000000 -0.956285 1.000000 1.000000 1.000000
3274.628174 0.000000 2145.324707 0.000000 0.325090 0.000000 -0.945683 1.000000 1.000000 1.000000
3294.775635 0.000000 2123.332764 0.000000 0.536977 0.000000 -0.843597 1.000000 1.000000 1.000000
3311.768066 0.000000 2167.587402 0.000000 0.149220 0.000000 -0.988804 1.000000 1.000000 1.000000
3291.393799 0.000000 2124.328369 0.000000 0.268904 0.000000 -0.963167 1.000000 1.000000 1.000000
3280.442627 0.000000 2132.322998 0.000000 0.335399 0.000000 -0.942076 1.000000 1.000000 1.000000
3277.817627 0.000000 2150.457031 0.000000 0.252187 0.000000 -0.967678 1.000000 1.000000 1.000000
3283.554688 0.000000 2123.251221 0.000000 0.046456 0.000000 -0.998920 1.000000 1.000000 1.000000
3284.252930 0.000000 2152.385742 0.000000 0.009656 0.000000 -0.999953 1.000000 1.000000 1.000000
3299.534180 0.000000 2141.294678 0.000000 0.449725 0.000000 -0.893167 1.000000 1.000000 1.000000
3267.634766 0.000000 2136.617432 0.000000 0.339884 0.000000 -0.940467 1.000000 1.000000 1.000000
3171.497070 0.000000 2176.566162 0.000000 0.517788 0.000000 -0.855509 1.000000 1.000000 1.000000
3183.689453 0.000000 2186.353760 0.000000 0.152571 0.000000 -0.988292 1.000000 1.000000 1.000000
3171.069092 0.000000 2182.123535 0.000000 0.069163 0.000000 -0.997605 1.000000 1.000000 1.000000
3205.425049 0.000000 2195.414551 0.000000 0.480149 0.000000 -0.877187 1.000000 1.000000 1.000000
3211.336670 0.000000 2193.361572 0.000000 0.376138 0.000000 -0.926564 1.000000 1.000000 1.000000
3286.976318 0.000000 2207.441162 0.000000 0.206154 0.000000 -0.978519 1.000000 1.000000 1.000000
3275.378418 0.000000 2176.790527 0.000000 0.500238 0.000000 -0.865888 1.000000 1.000000 1.000000
3303.853271 0.000000 2215.449951 0.000000 0.142991 0.000000 -0.989724 1.000000 1.000000 1.000000
3277.613281 0.000000 2235.928223 0.000000 0.397498 0.000000 -0.917603 1.000000 1.000000 1.000000
3310.140869 0.000000 2270.295654 0.000000 0.535276 0.000000 -0.844677 1.000000 1.000000 1.000000
3333.467529 0.000000 2162.112061 0.000000 0.525319 0.000000 -0.850905 1.000000 1.000000 1.000000
3503.181396 0.000000 2172.684814 0.000000 0.122267 0.000000 -0.992497 1.000000 1.000000 1.000000
3525.573486 0.000000 2175.956787 0.000000 0.579665 0.000000 -0.814855 1.000000 1.000000 1.000000
3528.725830 0.000000 2166.708008 0.000000 0.180861 0.000000 -0.983509 1.000000 1.000000 1.000000
3555.982422 0.000000 2149.303711 0.000000 0.170137 0.000000 -0.985420 1.000000 1.000000 1.000000
3530.833252 0.000000 2159.841553 0.000000 0.342384 0.000000 -0.939560 1.000000 1.000000 1.000000
3555.754639 0.000000 2171.327393 0.000000 0.261008 0.000000 -0.965337 1.000000 1.000000 1.000000
3552.913086 0.000000 2165.532227 0.000000 0.083297 0.000000 -0.996525 1.000000 1.000000 1.000000
3384.645264 0.000000 2228.367432 0.000000 0.249155 0.000000 -0.968464 1.000000 1.000000 1.000000
3372.478271 0.000000 2238.695312 0.000000 0.343065 0.000000 -0.939312 1.000000 1.000000 1.000000
3331.216064 0.000000 2181.769775 0.000000 0.341313 0.000000 -0.939950 1.000000 1.000000 1.000000
3399.777588 0.000000 2176.011475 0.000000 0.189418 0.000000 -0.981897 1.000000 1.000000 1.000000
3444.370850 0.000000 2233.659180 0.000000 0.511242 0.000000 -0.859437 1.000000 1.000000 1.000000
3431.549561 0.000000 2204.288574 0.000000 0.515674 0.000000 -0.856785 1.000000 1.000000 1.000000
3412.018555 0.000000 2229.322510 0.000000 0.145569 0.000000 -0.989348 1.000000 1.000000 1.000000
3335.334717 0.000000 2286.736328 0.000000 0.169875 0.000000 -0.985466 1.000000 1.000000 1.000000
3405.301758 0.000000 2265.126709 0.000000 0.151009 0.000000 -0.988532 1.000000 1.000000 1.000000
3511.058105 0.000000 2176.751953 0.000000 0.132536 0.000000 -0.991178 1.000000 1.000000 1.000000
3500.753418 0.000000 2180.234131 0.000000 0.482522 0.000000 -0.875884 1.000000 1.000000 1.000000
3489.277344 0.000000 2189.673096 0.000000 0.284919 0.000000 -0.958552 1.000000 1.000000 1.000000
3580.556885 0.000000 2236.735352 0.000000 0.213677 0.000000 -0.976904 1.000000 1.000000 1.000000
3548.427734 0.000000 2195.569092 0.000000 0.416322 0.000000 -0.909217 1.000000 1.000000 1.000000
3525.425049 0.000000 2195.414551 0.000000 0.553528 0.000000 -0.832831 1.000000 1.000000 1.000000
3538.536133 0.000000 2177.220215 0.000000 0.577465 0.000000 -0.816415 1.000000 1.000000 1.000000
3582.933350 0.000000 2229.930420 0.000000 0.118767 0.000000 -0.992922 1.000000 1.000000 1.000000
3534.303711 0.000000 2223.169922 0.000000 0.147351 0.000000 -0.989084 1.000000 1.000000 1.000000
3549.342285 0.000000 2218.044189 0.000000 0.251439 0.000000 -0.967873 1.000000 1.000000 1.000000
3523.713623 0.000000 2187.047119 0.000000 0.366246 0.000000 -0.930518 1.000000 1.000000 1.000000
3543.963623 0.000000 2176.739014 0.000000 0.242164 0.000000 -0.970235 1.000000 1.000000 1.000000
3472.860352 0.000000 2263.274658 0.000000 0.580020 0.000000 -0.814602 1.000000 1.000000 1.000000
3571.368652 0.000000 2257.918701 0.000000 0.275075 0.000000 -0.961423 1.000000 1.000000 1.000000
3277.661377 0.000000 2325.948975 0.000000 0.469267 0.000000 -0.883056 1.000000 1.000000 1.000000
3276.911865 0.000000 2322.607422 0.000000 0.181162 0.000000 -0.983453 1.000000 1.000000 1.000000
3291.092285 0.000000 2362.222900 0.000000 0.158020 0.000000 -0.987436 1.000000 1.000000 1.000000
3607.673828 0.000000 2226.428467 0.000000 0.280463 0.000000 -0.959865 1.000000 1.000000 1.000000
3589.573486 0.000000 2239.956787 0.000000 0.119170 0.000000 -0.992874 1.000000 1.000000 1.000000
3597.613281 0.000000 2235.928223 0.000000 0.196106 0.000000 -0.980583 1.000000 1.000000 1.000000
"}
