object={
	name="tree_pine_snow_a_generator_1_0"
	render_pass=Map
	clamp_to_water_level=no
	generated_content=yes
	layer="tree_high_layer"
	pdxmesh="tree_pine_snow_a_mesh"
	count=124
	transform="4412.676758 0.000000 4273.996582 0.000000 0.374974 0.000000 0.927036 1.000000 1.000000 1.000000
4404.170898 0.000000 4276.156738 0.000000 0.282748 0.000000 0.959194 1.000000 1.000000 1.000000
4408.991211 0.000000 4277.005371 0.000000 0.086780 0.000000 0.996227 1.000000 1.000000 1.000000
4414.287109 0.000000 4276.678711 0.000000 0.243494 0.000000 0.969902 1.000000 1.000000 1.000000
4411.569336 0.000000 4276.354004 0.000000 0.682797 0.000000 0.730608 1.000000 1.000000 1.000000
4412.876465 0.000000 4277.465332 0.000000 0.591780 0.000000 0.806100 1.000000 1.000000 1.000000
4403.950684 0.000000 4292.386230 0.000000 0.499417 0.000000 0.866362 1.000000 1.000000 1.000000
4412.759766 0.000000 4289.443848 0.000000 0.429311 0.000000 0.903157 1.000000 1.000000 1.000000
4407.166504 0.000000 4284.214844 0.000000 0.369051 0.000000 0.929409 1.000000 1.000000 1.000000
4406.130371 0.000000 4296.425293 0.000000 0.291964 0.000000 0.956429 1.000000 1.000000 1.000000
4403.690430 0.000000 4282.349609 0.000000 0.423569 0.000000 0.905864 1.000000 1.000000 1.000000
4411.242188 0.000000 4294.676758 0.000000 0.005530 0.000000 0.999985 1.000000 1.000000 1.000000
4402.248047 0.000000 4284.557129 0.000000 0.586555 0.000000 0.809909 1.000000 1.000000 1.000000
4414.928223 0.000000 4278.151367 0.000000 0.130682 0.000000 0.991424 1.000000 1.000000 1.000000
4409.441406 0.000000 4290.577148 0.000000 0.523950 0.000000 0.851749 1.000000 1.000000 1.000000
4404.717285 0.000000 4284.567871 0.000000 0.752482 0.000000 0.658613 1.000000 1.000000 1.000000
4409.197754 0.000000 4283.085938 0.000000 0.853687 0.000000 0.520786 1.000000 1.000000 1.000000
4408.370605 0.000000 4286.076660 0.000000 0.789050 0.000000 0.614330 1.000000 1.000000 1.000000
4407.500977 0.000000 4289.897461 0.000000 0.047196 0.000000 0.998886 1.000000 1.000000 1.000000
4405.590332 0.000000 4282.854004 0.000000 0.857907 0.000000 0.513806 1.000000 1.000000 1.000000
4411.815918 0.000000 4280.233887 0.000000 0.842753 0.000000 0.538300 1.000000 1.000000 1.000000
4412.383789 0.000000 4293.480469 0.000000 0.710505 0.000000 0.703692 1.000000 1.000000 1.000000
4413.686035 0.000000 4285.628418 0.000000 0.008399 0.000000 0.999965 1.000000 1.000000 1.000000
4416.056641 0.000000 4278.552734 0.000000 0.394136 0.000000 0.919052 1.000000 1.000000 1.000000
4416.561035 0.000000 4280.910156 0.000000 0.855669 0.000000 0.517523 1.000000 1.000000 1.000000
4272.385742 0.000000 4735.922363 0.000000 0.638498 0.000000 0.769624 1.000000 1.000000 1.000000
4276.170898 0.000000 4736.156738 0.000000 0.390029 0.000000 0.920803 1.000000 1.000000 1.000000
4280.991211 0.000000 4737.005371 0.000000 0.332951 0.000000 0.942944 1.000000 1.000000 1.000000
4272.924316 0.000000 4733.159180 0.000000 0.273687 0.000000 0.961819 1.000000 1.000000 1.000000
4281.848633 0.000000 4735.043945 0.000000 0.815973 0.000000 0.578090 1.000000 1.000000 1.000000
4274.397461 0.000000 4732.442383 0.000000 0.293540 0.000000 0.955947 1.000000 1.000000 1.000000
4272.653809 0.000000 4737.501953 0.000000 0.354438 0.000000 0.935080 1.000000 1.000000 1.000000
4280.864746 0.000000 4733.809082 0.000000 0.395201 0.000000 0.918595 1.000000 1.000000 1.000000
4275.792969 0.000000 4734.644043 0.000000 0.700950 0.000000 0.713210 1.000000 1.000000 1.000000
4282.521484 0.000000 4737.367188 0.000000 0.789232 0.000000 0.614095 1.000000 1.000000 1.000000
4273.652832 0.000000 4736.091309 0.000000 0.308812 0.000000 0.951123 1.000000 1.000000 1.000000
4278.574219 0.000000 4734.872559 0.000000 0.347181 0.000000 0.937798 1.000000 1.000000 1.000000
4282.046875 0.000000 4736.245605 0.000000 0.578305 0.000000 0.815820 1.000000 1.000000 1.000000
4274.937012 0.000000 4736.103027 0.000000 0.657990 0.000000 0.753027 1.000000 1.000000 1.000000
4279.012207 0.000000 4732.715820 0.000000 0.147710 0.000000 0.989031 1.000000 1.000000 1.000000
4283.597168 0.000000 4737.687988 0.000000 0.807073 0.000000 0.590451 1.000000 1.000000 1.000000
4278.531738 0.000000 4737.210449 0.000000 0.418609 0.000000 0.908167 1.000000 1.000000 1.000000
4276.638184 0.000000 4737.045898 0.000000 0.668085 0.000000 0.744085 1.000000 1.000000 1.000000
4271.855957 0.000000 4743.161621 0.000000 0.494210 0.000000 0.869342 1.000000 1.000000 1.000000
4279.166504 0.000000 4744.214844 0.000000 0.090448 0.000000 0.995901 1.000000 1.000000 1.000000
4271.091309 0.000000 4749.206543 0.000000 0.864094 0.000000 0.503331 1.000000 1.000000 1.000000
4280.631348 0.000000 4748.169434 0.000000 0.542903 0.000000 0.839795 1.000000 1.000000 1.000000
4280.780273 0.000000 4740.512695 0.000000 0.073323 0.000000 0.997308 1.000000 1.000000 1.000000
4274.044434 0.000000 4755.801758 0.000000 0.420871 0.000000 0.907120 1.000000 1.000000 1.000000
4269.366699 0.000000 4741.250000 0.000000 0.588296 0.000000 0.808646 1.000000 1.000000 1.000000
4283.224609 0.000000 4741.993164 0.000000 0.520914 0.000000 0.853609 1.000000 1.000000 1.000000
4283.242188 0.000000 4754.676758 0.000000 0.422559 0.000000 0.906336 1.000000 1.000000 1.000000
4277.971680 0.000000 4740.648438 0.000000 0.773480 0.000000 0.633821 1.000000 1.000000 1.000000
4278.276367 0.000000 4746.680176 0.000000 0.296768 0.000000 0.954949 1.000000 1.000000 1.000000
4279.926758 0.000000 4738.062012 0.000000 0.840069 0.000000 0.542479 1.000000 1.000000 1.000000
4281.441406 0.000000 4750.577148 0.000000 0.435878 0.000000 0.900006 1.000000 1.000000 1.000000
4276.717285 0.000000 4744.567871 0.000000 0.113516 0.000000 0.993536 1.000000 1.000000 1.000000
4269.593750 0.000000 4753.354492 0.000000 0.206673 0.000000 0.978410 1.000000 1.000000 1.000000
4270.125000 0.000000 4744.086914 0.000000 0.851874 0.000000 0.523747 1.000000 1.000000 1.000000
4271.418457 0.000000 4741.258789 0.000000 0.052819 0.000000 0.998604 1.000000 1.000000 1.000000
4277.590332 0.000000 4742.854004 0.000000 0.174060 0.000000 0.984735 1.000000 1.000000 1.000000
4281.292480 0.000000 4757.644043 0.000000 0.349049 0.000000 0.937104 1.000000 1.000000 1.000000
4275.976562 0.000000 4750.500488 0.000000 0.281185 0.000000 0.959654 1.000000 1.000000 1.000000
4283.815918 0.000000 4740.233887 0.000000 0.833222 0.000000 0.552939 1.000000 1.000000 1.000000
4279.625977 0.000000 4754.470215 0.000000 0.629122 0.000000 0.777307 1.000000 1.000000 1.000000
4273.899414 0.000000 4747.996094 0.000000 0.066078 0.000000 0.997814 1.000000 1.000000 1.000000
4275.746582 0.000000 4748.721191 0.000000 0.587149 0.000000 0.809479 1.000000 1.000000 1.000000
4274.773926 0.000000 4738.077148 0.000000 0.445815 0.000000 0.895125 1.000000 1.000000 1.000000
4276.956543 0.000000 4747.567383 0.000000 0.077486 0.000000 0.996993 1.000000 1.000000 1.000000
4271.897461 0.000000 4738.001953 0.000000 0.289138 0.000000 0.957288 1.000000 1.000000 1.000000
4276.460938 0.000000 4740.970703 0.000000 0.642280 0.000000 0.766470 1.000000 1.000000 1.000000
4274.050293 0.000000 4746.099609 0.000000 0.730043 0.000000 0.683401 1.000000 1.000000 1.000000
4275.743164 0.000000 4753.972168 0.000000 0.709273 0.000000 0.704934 1.000000 1.000000 1.000000
4276.860352 0.000000 4746.075195 0.000000 0.693822 0.000000 0.720146 1.000000 1.000000 1.000000
4277.170410 0.000000 4757.560059 0.000000 0.755377 0.000000 0.655291 1.000000 1.000000 1.000000
4283.210938 0.000000 4746.634277 0.000000 0.570649 0.000000 0.821194 1.000000 1.000000 1.000000
4275.555176 0.000000 4759.124023 0.000000 0.715449 0.000000 0.698665 1.000000 1.000000 1.000000
4277.422363 0.000000 4755.317871 0.000000 0.861403 0.000000 0.507922 1.000000 1.000000 1.000000
4278.245605 0.000000 4750.480469 0.000000 0.132508 0.000000 0.991182 1.000000 1.000000 1.000000
4281.999512 0.000000 4744.178223 0.000000 0.290141 0.000000 0.956984 1.000000 1.000000 1.000000
4277.737793 0.000000 4752.731445 0.000000 0.803421 0.000000 0.595412 1.000000 1.000000 1.000000
4272.350586 0.000000 4755.628418 0.000000 0.337604 0.000000 0.941288 1.000000 1.000000 1.000000
4271.489258 0.000000 4751.728516 0.000000 0.630159 0.000000 0.776466 1.000000 1.000000 1.000000
4268.956055 0.000000 4742.461426 0.000000 0.680353 0.000000 0.732885 1.000000 1.000000 1.000000
4279.251953 0.000000 4745.478516 0.000000 0.523538 0.000000 0.852002 1.000000 1.000000 1.000000
4268.375488 0.000000 4748.874023 0.000000 0.566189 0.000000 0.824275 1.000000 1.000000 1.000000
4270.850586 0.000000 4755.656250 0.000000 0.852366 0.000000 0.522945 1.000000 1.000000 1.000000
4271.240723 0.000000 4746.233887 0.000000 0.468765 0.000000 0.883323 1.000000 1.000000 1.000000
4266.687988 0.000000 4751.862305 0.000000 0.712207 0.000000 0.701970 1.000000 1.000000 1.000000
4272.124023 0.000000 4747.853516 0.000000 0.788881 0.000000 0.614546 1.000000 1.000000 1.000000
4278.205078 0.000000 4741.797363 0.000000 0.491832 0.000000 0.870690 1.000000 1.000000 1.000000
4278.540527 0.000000 4755.041992 0.000000 0.316321 0.000000 0.948652 1.000000 1.000000 1.000000
4271.952148 0.000000 4739.180664 0.000000 0.574040 0.000000 0.818827 1.000000 1.000000 1.000000
4279.096191 0.000000 4740.887695 0.000000 0.645431 0.000000 0.763818 1.000000 1.000000 1.000000
4280.586914 0.000000 4749.438477 0.000000 0.825237 0.000000 0.564787 1.000000 1.000000 1.000000
4278.200195 0.000000 4739.505371 0.000000 0.665943 0.000000 0.746002 1.000000 1.000000 1.000000
4274.811523 0.000000 4752.691406 0.000000 0.720741 0.000000 0.693205 1.000000 1.000000 1.000000
4266.635742 0.000000 4746.797363 0.000000 0.126703 0.000000 0.991941 1.000000 1.000000 1.000000
4272.320801 0.000000 4757.964844 0.000000 0.653036 0.000000 0.757327 1.000000 1.000000 1.000000
4273.037109 0.000000 4751.811035 0.000000 0.861106 0.000000 0.508425 1.000000 1.000000 1.000000
4274.586426 0.000000 4748.839355 0.000000 0.025143 0.000000 0.999684 1.000000 1.000000 1.000000
4270.591797 0.000000 4745.129883 0.000000 0.565720 0.000000 0.824598 1.000000 1.000000 1.000000
4269.166992 0.000000 4751.113281 0.000000 0.763728 0.000000 0.645538 1.000000 1.000000 1.000000
4280.682617 0.000000 4754.040527 0.000000 0.543794 0.000000 0.839219 1.000000 1.000000 1.000000
4276.577148 0.000000 4749.567383 0.000000 0.363916 0.000000 0.931432 1.000000 1.000000 1.000000
4283.535156 0.000000 4749.104492 0.000000 0.472834 0.000000 0.881152 1.000000 1.000000 1.000000
4266.605957 0.000000 4747.862793 0.000000 0.780978 0.000000 0.624559 1.000000 1.000000 1.000000
4273.681641 0.000000 4738.038086 0.000000 0.538482 0.000000 0.842637 1.000000 1.000000 1.000000
4275.189453 0.000000 4749.766113 0.000000 0.854462 0.000000 0.519514 1.000000 1.000000 1.000000
4271.982910 0.000000 4749.746094 0.000000 0.478686 0.000000 0.877986 1.000000 1.000000 1.000000
4277.841797 0.000000 4748.202148 0.000000 0.378622 0.000000 0.925551 1.000000 1.000000 1.000000
4270.250000 0.000000 4752.467285 0.000000 0.357256 0.000000 0.934007 1.000000 1.000000 1.000000
4280.363770 0.000000 4741.532715 0.000000 0.527965 0.000000 0.849266 1.000000 1.000000 1.000000
4277.144043 0.000000 4750.442871 0.000000 0.446876 0.000000 0.894596 1.000000 1.000000 1.000000
4279.954102 0.000000 4752.505859 0.000000 0.512352 0.000000 0.858776 1.000000 1.000000 1.000000
4274.964844 0.000000 4747.873047 0.000000 0.364786 0.000000 0.931091 1.000000 1.000000 1.000000
4272.217773 0.000000 4753.765625 0.000000 0.454981 0.000000 0.890501 1.000000 1.000000 1.000000
4268.239258 0.000000 4747.856934 0.000000 0.414020 0.000000 0.910268 1.000000 1.000000 1.000000
4274.637695 0.000000 4742.004883 0.000000 0.679806 0.000000 0.733392 1.000000 1.000000 1.000000
4280.357422 0.000000 4750.467285 0.000000 0.866003 0.000000 0.500039 1.000000 1.000000 1.000000
4274.422363 0.000000 4747.037598 0.000000 0.674627 0.000000 0.738158 1.000000 1.000000 1.000000
4276.710938 0.000000 4748.542480 0.000000 0.092097 0.000000 0.995750 1.000000 1.000000 1.000000
4274.526855 0.000000 4750.775391 0.000000 0.566510 0.000000 0.824055 1.000000 1.000000 1.000000
4269.583984 0.000000 4743.239258 0.000000 0.832870 0.000000 0.553469 1.000000 1.000000 1.000000
"}
object={
	name="tree_pine_snow_a_generator_1_1"
	render_pass=Map
	clamp_to_water_level=no
	generated_content=yes
	layer="tree_high_layer"
	pdxmesh="tree_pine_snow_b_mesh"
	count=122
	transform="4407.304199 0.000000 4273.863281 0.000000 0.946356 0.000000 0.323127 1.000000 1.000000 1.000000
4410.096191 0.000000 4272.922363 0.000000 0.995452 0.000000 0.095262 1.000000 1.000000 1.000000
4406.613770 0.000000 4276.097168 0.000000 0.938489 0.000000 -0.345309 1.000000 1.000000 1.000000
4405.535156 0.000000 4277.489746 0.000000 0.993126 0.000000 0.117052 1.000000 1.000000 1.000000
4412.353516 0.000000 4278.510742 0.000000 0.978280 0.000000 0.207289 1.000000 1.000000 1.000000
4413.391113 0.000000 4283.980469 0.000000 0.963593 0.000000 0.267375 1.000000 1.000000 1.000000
4408.936523 0.000000 4292.959473 0.000000 0.907851 0.000000 -0.419293 1.000000 1.000000 1.000000
4414.040527 0.000000 4293.734863 0.000000 0.929637 0.000000 0.368478 1.000000 1.000000 1.000000
4408.631348 0.000000 4288.169434 0.000000 0.999855 0.000000 -0.017022 1.000000 1.000000 1.000000
4410.408203 0.000000 4285.445801 0.000000 0.968787 0.000000 -0.247894 1.000000 1.000000 1.000000
4414.164062 0.000000 4281.022461 0.000000 0.918163 0.000000 -0.396202 1.000000 1.000000 1.000000
4411.224609 0.000000 4281.993164 0.000000 0.891312 0.000000 -0.453390 1.000000 1.000000 1.000000
4411.625977 0.000000 4291.968262 0.000000 0.980877 0.000000 -0.194630 1.000000 1.000000 1.000000
4408.812500 0.000000 4295.821777 0.000000 0.997746 0.000000 -0.067102 1.000000 1.000000 1.000000
4406.609863 0.000000 4291.732422 0.000000 0.980735 0.000000 -0.195344 1.000000 1.000000 1.000000
4407.926758 0.000000 4278.062012 0.000000 0.999079 0.000000 0.042898 1.000000 1.000000 1.000000
4414.777832 0.000000 4288.574707 0.000000 0.882547 0.000000 0.470224 1.000000 1.000000 1.000000
4410.218262 0.000000 4278.789551 0.000000 0.996693 0.000000 -0.081259 1.000000 1.000000 1.000000
4410.803711 0.000000 4288.193848 0.000000 0.943369 0.000000 -0.331746 1.000000 1.000000 1.000000
4411.392090 0.000000 4283.819824 0.000000 0.992125 0.000000 0.125251 1.000000 1.000000 1.000000
4407.625977 0.000000 4294.470215 0.000000 0.976858 0.000000 0.213888 1.000000 1.000000 1.000000
4413.413574 0.000000 4292.112305 0.000000 0.999522 0.000000 -0.030904 1.000000 1.000000 1.000000
4415.008789 0.000000 4284.690430 0.000000 0.981982 0.000000 0.188976 1.000000 1.000000 1.000000
4414.497559 0.000000 4282.744629 0.000000 0.875159 0.000000 -0.483835 1.000000 1.000000 1.000000
4410.518066 0.000000 4293.224121 0.000000 0.911424 0.000000 0.411469 1.000000 1.000000 1.000000
4412.114258 0.000000 4285.292969 0.000000 0.949542 0.000000 0.313641 1.000000 1.000000 1.000000
4409.812500 0.000000 4286.913574 0.000000 0.991136 0.000000 0.132855 1.000000 1.000000 1.000000
4410.324219 0.000000 4280.722656 0.000000 0.912215 0.000000 -0.409711 1.000000 1.000000 1.000000
4404.460938 0.000000 4280.970703 0.000000 0.868653 0.000000 0.495422 1.000000 1.000000 1.000000
4416.138184 0.000000 4283.328125 0.000000 0.960644 0.000000 -0.277782 1.000000 1.000000 1.000000
4279.304199 0.000000 4733.863281 0.000000 0.939475 0.000000 0.342618 1.000000 1.000000 1.000000
4269.199707 0.000000 4736.374023 0.000000 0.978863 0.000000 -0.204515 1.000000 1.000000 1.000000
4276.030762 0.000000 4733.210938 0.000000 0.966508 0.000000 -0.256636 1.000000 1.000000 1.000000
4274.327637 0.000000 4734.904297 0.000000 0.995184 0.000000 0.098021 1.000000 1.000000 1.000000
4274.354980 0.000000 4737.243652 0.000000 0.987449 0.000000 -0.157938 1.000000 1.000000 1.000000
4280.152344 0.000000 4735.403320 0.000000 0.999962 0.000000 -0.008682 1.000000 1.000000 1.000000
4277.535156 0.000000 4737.489746 0.000000 0.999991 0.000000 -0.004325 1.000000 1.000000 1.000000
4283.159668 0.000000 4734.266113 0.000000 0.956633 0.000000 -0.291295 1.000000 1.000000 1.000000
4279.594238 0.000000 4737.252930 0.000000 0.993932 0.000000 -0.109999 1.000000 1.000000 1.000000
4272.708008 0.000000 4734.521484 0.000000 0.967389 0.000000 -0.253295 1.000000 1.000000 1.000000
4277.317871 0.000000 4735.807129 0.000000 0.955589 0.000000 0.294704 1.000000 1.000000 1.000000
4271.675781 0.000000 4737.021484 0.000000 0.997864 0.000000 -0.065326 1.000000 1.000000 1.000000
4277.114746 0.000000 4733.587402 0.000000 0.895450 0.000000 -0.445162 1.000000 1.000000 1.000000
4275.950684 0.000000 4752.386230 0.000000 0.883070 0.000000 0.469241 1.000000 1.000000 1.000000
4264.356934 0.000000 4750.604492 0.000000 0.894165 0.000000 0.447738 1.000000 1.000000 1.000000
4269.632812 0.000000 4755.389160 0.000000 0.977212 0.000000 0.212266 1.000000 1.000000 1.000000
4268.701660 0.000000 4738.086914 0.000000 0.883457 0.000000 -0.468512 1.000000 1.000000 1.000000
4280.936523 0.000000 4752.959473 0.000000 0.999906 0.000000 0.013702 1.000000 1.000000 1.000000
4273.219238 0.000000 4739.048828 0.000000 0.989224 0.000000 -0.146408 1.000000 1.000000 1.000000
4267.961914 0.000000 4751.971680 0.000000 0.988267 0.000000 0.152737 1.000000 1.000000 1.000000
4272.375977 0.000000 4752.741211 0.000000 0.921982 0.000000 0.387233 1.000000 1.000000 1.000000
4267.152832 0.000000 4748.775879 0.000000 0.953902 0.000000 0.300120 1.000000 1.000000 1.000000
4277.622559 0.000000 4749.256348 0.000000 0.903602 0.000000 0.428373 1.000000 1.000000 1.000000
4272.611328 0.000000 4746.737305 0.000000 0.900738 0.000000 0.434362 1.000000 1.000000 1.000000
4280.812500 0.000000 4755.821777 0.000000 0.964782 0.000000 -0.263050 1.000000 1.000000 1.000000
4275.763672 0.000000 4757.772949 0.000000 0.987504 0.000000 0.157595 1.000000 1.000000 1.000000
4275.526855 0.000000 4739.642578 0.000000 0.903893 0.000000 0.427759 1.000000 1.000000 1.000000
4273.497559 0.000000 4741.439941 0.000000 0.954929 0.000000 0.296835 1.000000 1.000000 1.000000
4270.235352 0.000000 4751.422852 0.000000 0.987465 0.000000 0.157840 1.000000 1.000000 1.000000
4277.723145 0.000000 4758.915527 0.000000 0.984041 0.000000 0.177942 1.000000 1.000000 1.000000
4282.218262 0.000000 4738.789551 0.000000 0.998331 0.000000 -0.057749 1.000000 1.000000 1.000000
4282.803711 0.000000 4748.193848 0.000000 0.987498 0.000000 0.157633 1.000000 1.000000 1.000000
4276.125488 0.000000 4755.462891 0.000000 0.874379 0.000000 0.485243 1.000000 1.000000 1.000000
4274.210938 0.000000 4759.360840 0.000000 0.935904 0.000000 -0.352255 1.000000 1.000000 1.000000
4269.283203 0.000000 4748.012207 0.000000 0.982964 0.000000 -0.183797 1.000000 1.000000 1.000000
4274.271484 0.000000 4753.711914 0.000000 0.939867 0.000000 -0.341540 1.000000 1.000000 1.000000
4279.433105 0.000000 4742.066895 0.000000 0.874437 0.000000 0.485140 1.000000 1.000000 1.000000
4268.656250 0.000000 4750.093262 0.000000 0.979231 0.000000 -0.202747 1.000000 1.000000 1.000000
4272.386230 0.000000 4750.774902 0.000000 0.932389 0.000000 0.361455 1.000000 1.000000 1.000000
4273.386719 0.000000 4757.641113 0.000000 0.887943 0.000000 0.459954 1.000000 1.000000 1.000000
4283.392090 0.000000 4743.819824 0.000000 0.999286 0.000000 -0.037788 1.000000 1.000000 1.000000
4267.764648 0.000000 4746.948242 0.000000 0.983543 0.000000 0.180672 1.000000 1.000000 1.000000
4283.136719 0.000000 4750.160156 0.000000 0.869536 0.000000 -0.493870 1.000000 1.000000 1.000000
4268.570312 0.000000 4756.869141 0.000000 0.883408 0.000000 0.468605 1.000000 1.000000 1.000000
4268.459473 0.000000 4745.194336 0.000000 0.989837 0.000000 0.142207 1.000000 1.000000 1.000000
4279.325195 0.000000 4739.748047 0.000000 0.908059 0.000000 -0.418843 1.000000 1.000000 1.000000
4278.951172 0.000000 4748.153320 0.000000 0.961156 0.000000 0.276006 1.000000 1.000000 1.000000
4282.518066 0.000000 4753.224121 0.000000 0.870961 0.000000 0.491353 1.000000 1.000000 1.000000
4274.116699 0.000000 4742.904785 0.000000 0.898628 0.000000 -0.438712 1.000000 1.000000 1.000000
4281.812500 0.000000 4746.913574 0.000000 0.986445 0.000000 0.164090 1.000000 1.000000 1.000000
4270.272949 0.000000 4742.527344 0.000000 0.931201 0.000000 -0.364505 1.000000 1.000000 1.000000
4281.680176 0.000000 4754.518555 0.000000 0.980253 0.000000 0.197749 1.000000 1.000000 1.000000
4280.203125 0.000000 4751.469727 0.000000 0.932932 0.000000 0.360051 1.000000 1.000000 1.000000
4277.174316 0.000000 4751.547363 0.000000 0.921209 0.000000 -0.389069 1.000000 1.000000 1.000000
4282.194336 0.000000 4751.801270 0.000000 0.985476 0.000000 -0.169816 1.000000 1.000000 1.000000
4272.560547 0.000000 4740.329102 0.000000 0.999995 0.000000 0.003056 1.000000 1.000000 1.000000
4279.009766 0.000000 4753.131348 0.000000 0.929399 0.000000 0.369076 1.000000 1.000000 1.000000
4274.921387 0.000000 4741.012207 0.000000 0.967817 0.000000 -0.251655 1.000000 1.000000 1.000000
4272.858398 0.000000 4744.154785 0.000000 0.999228 0.000000 0.039284 1.000000 1.000000 1.000000
4270.159180 0.000000 4756.765625 0.000000 0.937363 0.000000 -0.348353 1.000000 1.000000 1.000000
4266.981445 0.000000 4744.166992 0.000000 0.989159 0.000000 0.146851 1.000000 1.000000 1.000000
4279.440918 0.000000 4755.919922 0.000000 0.888724 0.000000 -0.458443 1.000000 1.000000 1.000000
4280.895020 0.000000 4739.161621 0.000000 0.984691 0.000000 -0.174311 1.000000 1.000000 1.000000
4276.020020 0.000000 4738.437500 0.000000 0.899939 0.000000 0.436016 1.000000 1.000000 1.000000
4274.150391 0.000000 4739.964355 0.000000 0.867334 0.000000 -0.497727 1.000000 1.000000 1.000000
4271.145508 0.000000 4750.483887 0.000000 0.984090 0.000000 -0.177668 1.000000 1.000000 1.000000
4279.758789 0.000000 4747.197754 0.000000 0.982808 0.000000 -0.184632 1.000000 1.000000 1.000000
4274.969238 0.000000 4754.916504 0.000000 0.989916 0.000000 0.141659 1.000000 1.000000 1.000000
4282.445801 0.000000 4742.951172 0.000000 0.904521 0.000000 -0.426430 1.000000 1.000000 1.000000
4274.572754 0.000000 4758.125000 0.000000 0.996643 0.000000 -0.081866 1.000000 1.000000 1.000000
4268.958008 0.000000 4746.841797 0.000000 0.979084 0.000000 0.203457 1.000000 1.000000 1.000000
4268.217773 0.000000 4753.162598 0.000000 0.982561 0.000000 -0.185943 1.000000 1.000000 1.000000
4268.279297 0.000000 4740.672363 0.000000 0.915906 0.000000 0.401393 1.000000 1.000000 1.000000
4281.317871 0.000000 4738.056641 0.000000 0.937465 0.000000 0.348078 1.000000 1.000000 1.000000
4273.112793 0.000000 4756.501953 0.000000 0.997225 0.000000 0.074446 1.000000 1.000000 1.000000
4276.757812 0.000000 4753.429688 0.000000 0.981055 0.000000 -0.193731 1.000000 1.000000 1.000000
4276.573730 0.000000 4743.362793 0.000000 0.993798 0.000000 -0.111202 1.000000 1.000000 1.000000
4278.742188 0.000000 4743.042480 0.000000 0.982490 0.000000 -0.186318 1.000000 1.000000 1.000000
4275.276367 0.000000 4751.462402 0.000000 0.990530 0.000000 0.137295 1.000000 1.000000 1.000000
4273.583008 0.000000 4752.787598 0.000000 0.994133 0.000000 -0.108165 1.000000 1.000000 1.000000
4273.527344 0.000000 4750.799316 0.000000 0.870138 0.000000 -0.492807 1.000000 1.000000 1.000000
4276.783691 0.000000 4742.096680 0.000000 0.905190 0.000000 0.425006 1.000000 1.000000 1.000000
4271.252441 0.000000 4744.096680 0.000000 0.882367 0.000000 0.470561 1.000000 1.000000 1.000000
4281.316895 0.000000 4745.509277 0.000000 0.877685 0.000000 -0.479239 1.000000 1.000000 1.000000
4274.164551 0.000000 4756.905762 0.000000 0.879393 0.000000 -0.476096 1.000000 1.000000 1.000000
4271.451172 0.000000 4740.156738 0.000000 0.980922 0.000000 -0.194401 1.000000 1.000000 1.000000
4269.979492 0.000000 4747.052246 0.000000 0.969420 0.000000 -0.245406 1.000000 1.000000 1.000000
4269.104980 0.000000 4744.354492 0.000000 0.995749 0.000000 0.092107 1.000000 1.000000 1.000000
4276.683594 0.000000 4754.486816 0.000000 0.997840 0.000000 -0.065693 1.000000 1.000000 1.000000
4271.286621 0.000000 4742.310547 0.000000 0.932613 0.000000 -0.360879 1.000000 1.000000 1.000000
4273.950195 0.000000 4754.795898 0.000000 0.990387 0.000000 0.138323 1.000000 1.000000 1.000000
4269.337891 0.000000 4749.014648 0.000000 0.991125 0.000000 -0.132934 1.000000 1.000000 1.000000
"}
object={
	name="tree_pine_snow_a_generator_1_2"
	render_pass=Map
	clamp_to_water_level=no
	generated_content=yes
	layer="tree_high_layer"
	pdxmesh="tree_pine_snow_c_mesh"
	count=111
	transform="4409.848633 0.000000 4275.043945 0.000000 0.141226 0.000000 -0.989977 1.000000 1.000000 1.000000
4408.152344 0.000000 4275.403320 0.000000 0.266972 0.000000 -0.963704 1.000000 1.000000 1.000000
4411.178223 0.000000 4297.564941 0.000000 0.539083 0.000000 -0.842253 1.000000 1.000000 1.000000
4405.290039 0.000000 4278.017090 0.000000 0.635400 0.000000 -0.772183 1.000000 1.000000 1.000000
4403.413574 0.000000 4286.959961 0.000000 0.023476 0.000000 -0.999724 1.000000 1.000000 1.000000
4408.780273 0.000000 4280.512695 0.000000 0.854899 0.000000 -0.518794 1.000000 1.000000 1.000000
4405.622559 0.000000 4289.256348 0.000000 0.855750 0.000000 -0.517389 1.000000 1.000000 1.000000
4402.114258 0.000000 4289.856934 0.000000 0.815804 0.000000 -0.578328 1.000000 1.000000 1.000000
4415.310547 0.000000 4286.432129 0.000000 0.721511 0.000000 -0.692403 1.000000 1.000000 1.000000
4405.971680 0.000000 4280.648438 0.000000 0.621097 0.000000 -0.783734 1.000000 1.000000 1.000000
4406.276367 0.000000 4286.680176 0.000000 0.293483 0.000000 -0.955964 1.000000 1.000000 1.000000
4414.834473 0.000000 4291.113770 0.000000 0.162868 0.000000 -0.986648 1.000000 1.000000 1.000000
4412.576172 0.000000 4286.841797 0.000000 0.255565 0.000000 -0.966792 1.000000 1.000000 1.000000
4403.526855 0.000000 4279.642578 0.000000 0.118656 0.000000 -0.992935 1.000000 1.000000 1.000000
4407.433105 0.000000 4282.066895 0.000000 0.374939 0.000000 -0.927049 1.000000 1.000000 1.000000
4402.155273 0.000000 4291.737305 0.000000 0.098210 0.000000 -0.995166 1.000000 1.000000 1.000000
4403.976562 0.000000 4290.500488 0.000000 0.353494 0.000000 -0.935437 1.000000 1.000000 1.000000
4403.746582 0.000000 4288.721191 0.000000 0.760212 0.000000 -0.649675 1.000000 1.000000 1.000000
4411.136719 0.000000 4290.160156 0.000000 0.619572 0.000000 -0.784940 1.000000 1.000000 1.000000
4412.903809 0.000000 4282.153320 0.000000 0.181918 0.000000 -0.983314 1.000000 1.000000 1.000000
4407.325195 0.000000 4279.748047 0.000000 0.811127 0.000000 -0.584871 1.000000 1.000000 1.000000
4406.951172 0.000000 4288.153320 0.000000 0.134692 0.000000 -0.990887 1.000000 1.000000 1.000000
4413.720703 0.000000 4279.441406 0.000000 0.446542 0.000000 -0.894763 1.000000 1.000000 1.000000
4404.956543 0.000000 4287.567383 0.000000 0.296710 0.000000 -0.954968 1.000000 1.000000 1.000000
4415.257812 0.000000 4279.812500 0.000000 0.601075 0.000000 -0.799192 1.000000 1.000000 1.000000
4270.092773 0.000000 4733.087891 0.000000 0.841002 0.000000 -0.541032 1.000000 1.000000 1.000000
4283.569336 0.000000 4736.354004 0.000000 0.369798 0.000000 -0.929112 1.000000 1.000000 1.000000
4271.078613 0.000000 4737.945312 0.000000 0.258180 0.000000 -0.966097 1.000000 1.000000 1.000000
4278.613770 0.000000 4736.097168 0.000000 0.769803 0.000000 -0.638281 1.000000 1.000000 1.000000
4277.357910 0.000000 4734.613770 0.000000 0.840958 0.000000 -0.541101 1.000000 1.000000 1.000000
4270.645020 0.000000 4735.063965 0.000000 0.011911 0.000000 -0.999929 1.000000 1.000000 1.000000
4277.747559 0.000000 4732.719238 0.000000 0.092873 0.000000 -0.995678 1.000000 1.000000 1.000000
4270.625977 0.000000 4736.628906 0.000000 0.140822 0.000000 -0.990035 1.000000 1.000000 1.000000
4275.694336 0.000000 4737.404785 0.000000 0.381182 0.000000 -0.924500 1.000000 1.000000 1.000000
4274.841797 0.000000 4733.720703 0.000000 0.743198 0.000000 -0.669072 1.000000 1.000000 1.000000
4278.162109 0.000000 4733.778809 0.000000 0.507635 0.000000 -0.861573 1.000000 1.000000 1.000000
4281.033691 0.000000 4735.962402 0.000000 0.088841 0.000000 -0.996046 1.000000 1.000000 1.000000
4276.751465 0.000000 4732.483398 0.000000 0.703165 0.000000 -0.711027 1.000000 1.000000 1.000000
4277.290039 0.000000 4738.017090 0.000000 0.574479 0.000000 -0.818519 1.000000 1.000000 1.000000
4266.642578 0.000000 4745.503906 0.000000 0.442277 0.000000 -0.896879 1.000000 1.000000 1.000000
4275.413574 0.000000 4746.959961 0.000000 0.646546 0.000000 -0.762875 1.000000 1.000000 1.000000
4278.130371 0.000000 4756.425293 0.000000 0.791773 0.000000 -0.610815 1.000000 1.000000 1.000000
4272.065918 0.000000 4759.212402 0.000000 0.773141 0.000000 -0.634234 1.000000 1.000000 1.000000
4275.690430 0.000000 4742.349609 0.000000 0.800400 0.000000 -0.599466 1.000000 1.000000 1.000000
4269.891113 0.000000 4746.017090 0.000000 0.635342 0.000000 -0.772231 1.000000 1.000000 1.000000
4282.408203 0.000000 4745.445801 0.000000 0.063815 0.000000 -0.997962 1.000000 1.000000 1.000000
4274.114258 0.000000 4749.856934 0.000000 0.385490 0.000000 -0.922712 1.000000 1.000000 1.000000
4283.625977 0.000000 4751.968262 0.000000 0.784543 0.000000 -0.620075 1.000000 1.000000 1.000000
4274.248047 0.000000 4744.557129 0.000000 0.455128 0.000000 -0.890426 1.000000 1.000000 1.000000
4278.609863 0.000000 4751.732422 0.000000 0.045925 0.000000 -0.998945 1.000000 1.000000 1.000000
4268.199707 0.000000 4743.509277 0.000000 0.100671 0.000000 -0.994920 1.000000 1.000000 1.000000
4271.696289 0.000000 4756.727539 0.000000 0.423999 0.000000 -0.905663 1.000000 1.000000 1.000000
4277.882812 0.000000 4754.049316 0.000000 0.390511 0.000000 -0.920598 1.000000 1.000000 1.000000
4270.802734 0.000000 4739.205078 0.000000 0.640419 0.000000 -0.768026 1.000000 1.000000 1.000000
4281.197754 0.000000 4743.085938 0.000000 0.222824 0.000000 -0.974859 1.000000 1.000000 1.000000
4267.627441 0.000000 4754.210938 0.000000 0.630671 0.000000 -0.776050 1.000000 1.000000 1.000000
4271.520508 0.000000 4754.620117 0.000000 0.243011 0.000000 -0.970023 1.000000 1.000000 1.000000
4280.370605 0.000000 4746.076660 0.000000 0.740372 0.000000 -0.672197 1.000000 1.000000 1.000000
4266.421387 0.000000 4750.670410 0.000000 0.800279 0.000000 -0.599628 1.000000 1.000000 1.000000
4279.500977 0.000000 4749.897461 0.000000 0.632577 0.000000 -0.774497 1.000000 1.000000 1.000000
4274.155273 0.000000 4751.737305 0.000000 0.409723 0.000000 -0.912210 1.000000 1.000000 1.000000
4271.721680 0.000000 4745.125000 0.000000 0.078121 0.000000 -0.996944 1.000000 1.000000 1.000000
4279.616211 0.000000 4757.327637 0.000000 0.309633 0.000000 -0.950856 1.000000 1.000000 1.000000
4270.944824 0.000000 4747.503906 0.000000 0.745882 0.000000 -0.666078 1.000000 1.000000 1.000000
4270.464844 0.000000 4759.653320 0.000000 0.600214 0.000000 -0.799839 1.000000 1.000000 1.000000
4269.204102 0.000000 4739.628418 0.000000 0.327424 0.000000 -0.944878 1.000000 1.000000 1.000000
4282.324219 0.000000 4740.722656 0.000000 0.862583 0.000000 -0.505915 1.000000 1.000000 1.000000
4272.661621 0.000000 4748.949707 0.000000 0.757208 0.000000 -0.653174 1.000000 1.000000 1.000000
4280.694336 0.000000 4744.534180 0.000000 0.854066 0.000000 -0.520164 1.000000 1.000000 1.000000
4275.461426 0.000000 4745.463867 0.000000 0.715322 0.000000 -0.698795 1.000000 1.000000 1.000000
4276.999023 0.000000 4739.486328 0.000000 0.547914 0.000000 -0.836535 1.000000 1.000000 1.000000
4272.989746 0.000000 4754.449219 0.000000 0.004529 0.000000 -0.999990 1.000000 1.000000 1.000000
4278.017090 0.000000 4745.175781 0.000000 0.307283 0.000000 -0.951618 1.000000 1.000000 1.000000
4271.184570 0.000000 4758.078125 0.000000 0.330124 0.000000 -0.943937 1.000000 1.000000 1.000000
4275.516602 0.000000 4743.776855 0.000000 0.044664 0.000000 -0.999002 1.000000 1.000000 1.000000
4271.017090 0.000000 4753.259277 0.000000 0.359904 0.000000 -0.932989 1.000000 1.000000 1.000000
4281.755859 0.000000 4749.159668 0.000000 0.763010 0.000000 -0.646386 1.000000 1.000000 1.000000
4268.217285 0.000000 4755.468262 0.000000 0.208271 0.000000 -0.978071 1.000000 1.000000 1.000000
4266.896484 0.000000 4753.072266 0.000000 0.409793 0.000000 -0.912178 1.000000 1.000000 1.000000
4275.184570 0.000000 4756.546875 0.000000 0.071810 0.000000 -0.997418 1.000000 1.000000 1.000000
4281.383789 0.000000 4741.739258 0.000000 0.683520 0.000000 -0.729932 1.000000 1.000000 1.000000
4278.626465 0.000000 4738.417969 0.000000 0.125900 0.000000 -0.992043 1.000000 1.000000 1.000000
4269.934570 0.000000 4749.812988 0.000000 0.416752 0.000000 -0.909020 1.000000 1.000000 1.000000
4278.432129 0.000000 4757.835938 0.000000 0.547907 0.000000 -0.836539 1.000000 1.000000 1.000000
4270.375488 0.000000 4740.512695 0.000000 0.143132 0.000000 -0.989704 1.000000 1.000000 1.000000
4272.378906 0.000000 4742.012207 0.000000 0.764260 0.000000 -0.644908 1.000000 1.000000 1.000000
4272.950684 0.000000 4745.475098 0.000000 0.798545 0.000000 -0.601934 1.000000 1.000000 1.000000
4269.903809 0.000000 4738.340332 0.000000 0.518442 0.000000 -0.855113 1.000000 1.000000 1.000000
4279.903320 0.000000 4743.237793 0.000000 0.473116 0.000000 -0.881000 1.000000 1.000000 1.000000
4268.940918 0.000000 4754.365234 0.000000 0.644055 0.000000 -0.764979 1.000000 1.000000 1.000000
4270.316895 0.000000 4754.368164 0.000000 0.786106 0.000000 -0.618092 1.000000 1.000000 1.000000
4283.210938 0.000000 4738.096191 0.000000 0.632095 0.000000 -0.774891 1.000000 1.000000 1.000000
4266.631348 0.000000 4754.920898 0.000000 0.797597 0.000000 -0.603191 1.000000 1.000000 1.000000
4267.645996 0.000000 4750.838867 0.000000 0.493973 0.000000 -0.869477 1.000000 1.000000 1.000000
4276.863281 0.000000 4756.389160 0.000000 0.614160 0.000000 -0.789181 1.000000 1.000000 1.000000
4269.174805 0.000000 4752.233887 0.000000 0.269958 0.000000 -0.962872 1.000000 1.000000 1.000000
4277.779297 0.000000 4744.031738 0.000000 0.173677 0.000000 -0.984803 1.000000 1.000000 1.000000
4283.265137 0.000000 4739.236816 0.000000 0.479306 0.000000 -0.877648 1.000000 1.000000 1.000000
4272.999023 0.000000 4742.979492 0.000000 0.223554 0.000000 -0.974692 1.000000 1.000000 1.000000
4270.284180 0.000000 4748.425293 0.000000 0.801156 0.000000 -0.598455 1.000000 1.000000 1.000000
4267.600098 0.000000 4749.736816 0.000000 0.711865 0.000000 -0.702316 1.000000 1.000000 1.000000
4281.757324 0.000000 4739.791016 0.000000 0.623877 0.000000 -0.781522 1.000000 1.000000 1.000000
4281.175293 0.000000 4751.878906 0.000000 0.737649 0.000000 -0.675184 1.000000 1.000000 1.000000
4279.271484 0.000000 4750.944824 0.000000 0.631331 0.000000 -0.775514 1.000000 1.000000 1.000000
4279.700684 0.000000 4748.854492 0.000000 0.142122 0.000000 -0.989849 1.000000 1.000000 1.000000
4278.719727 0.000000 4749.148926 0.000000 0.648353 0.000000 -0.761340 1.000000 1.000000 1.000000
4273.042969 0.000000 4749.897461 0.000000 0.046901 0.000000 -0.998900 1.000000 1.000000 1.000000
4274.357422 0.000000 4738.983887 0.000000 0.549579 0.000000 -0.835442 1.000000 1.000000 1.000000
4283.213379 0.000000 4744.827148 0.000000 0.110636 0.000000 -0.993861 1.000000 1.000000 1.000000
4281.611328 0.000000 4748.189453 0.000000 0.651725 0.000000 -0.758455 1.000000 1.000000 1.000000
4280.834961 0.000000 4747.229492 0.000000 0.197576 0.000000 -0.980288 1.000000 1.000000 1.000000
"}
