object={
	name="tree_pine_01_a_generator_1_0"
	render_pass=Map
	clamp_to_water_level=no
	generated_content=yes
	layer="tree_high_layer"
	pdxmesh="tree_pine_single_01_a_mesh"
	count=47
	transform="3191.588867 0.000000 2795.575195 0.000000 0.647119 0.000000 0.762389 1.000000 1.000000 1.000000
3184.406250 0.000000 2777.438721 0.000000 0.180575 0.000000 0.983561 1.000000 1.000000 1.000000
3195.648193 0.000000 2805.040283 0.000000 0.227582 0.000000 0.973759 1.000000 1.000000 1.000000
3186.325928 0.000000 2775.655273 0.000000 0.537284 0.000000 0.843401 1.000000 1.000000 1.000000
3262.265381 0.000000 2762.700684 0.000000 0.118202 0.000000 0.992990 1.000000 1.000000 1.000000
3255.952393 0.000000 2787.111816 0.000000 0.688627 0.000000 0.725116 1.000000 1.000000 1.000000
3281.064209 0.000000 2769.424316 0.000000 0.251342 0.000000 0.967898 1.000000 1.000000 1.000000
3308.970947 0.000000 2777.687256 0.000000 0.842678 0.000000 0.538417 1.000000 1.000000 1.000000
3299.559570 0.000000 2783.153320 0.000000 0.130003 0.000000 0.991514 1.000000 1.000000 1.000000
3351.673828 0.000000 2802.428467 0.000000 0.220069 0.000000 0.975484 1.000000 1.000000 1.000000
3358.703125 0.000000 2800.679688 0.000000 0.697687 0.000000 0.716402 1.000000 1.000000 1.000000
3346.546143 0.000000 2765.387207 0.000000 0.811297 0.000000 0.584634 1.000000 1.000000 1.000000
3368.925537 0.000000 2810.553467 0.000000 0.289082 0.000000 0.957304 1.000000 1.000000 1.000000
3364.948486 0.000000 2806.992920 0.000000 0.149470 0.000000 0.988766 1.000000 1.000000 1.000000
3360.580811 0.000000 2810.830322 0.000000 0.359326 0.000000 0.933212 1.000000 1.000000 1.000000
3181.792725 0.000000 2836.390381 0.000000 0.669141 0.000000 0.743135 1.000000 1.000000 1.000000
3175.393066 0.000000 2831.058594 0.000000 0.129233 0.000000 0.991614 1.000000 1.000000 1.000000
3175.011230 0.000000 2822.859131 0.000000 0.846911 0.000000 0.531735 1.000000 1.000000 1.000000
3251.179688 0.000000 2870.579102 0.000000 0.240108 0.000000 0.970746 1.000000 1.000000 1.000000
3262.972656 0.000000 2845.459717 0.000000 0.128436 0.000000 0.991718 1.000000 1.000000 1.000000
3255.080078 0.000000 2857.417480 0.000000 0.542106 0.000000 0.840310 1.000000 1.000000 1.000000
3251.077637 0.000000 2868.449463 0.000000 0.267089 0.000000 0.963672 1.000000 1.000000 1.000000
3259.333008 0.000000 2852.601318 0.000000 0.677009 0.000000 0.735975 1.000000 1.000000 1.000000
3258.048828 0.000000 2869.636963 0.000000 0.648396 0.000000 0.761303 1.000000 1.000000 1.000000
3261.768799 0.000000 2844.490967 0.000000 0.424360 0.000000 0.905494 1.000000 1.000000 1.000000
3299.523926 0.000000 2827.150635 0.000000 0.806249 0.000000 0.591577 1.000000 1.000000 1.000000
3285.501221 0.000000 2842.272461 0.000000 0.010473 0.000000 0.999945 1.000000 1.000000 1.000000
3292.427734 0.000000 2835.569092 0.000000 0.224999 0.000000 0.974359 1.000000 1.000000 1.000000
3280.064697 0.000000 2852.701904 0.000000 0.826916 0.000000 0.562325 1.000000 1.000000 1.000000
3290.095947 0.000000 2833.210938 0.000000 0.360191 0.000000 0.932878 1.000000 1.000000 1.000000
3264.023926 0.000000 2844.332275 0.000000 0.825007 0.000000 0.565123 1.000000 1.000000 1.000000
3282.725342 0.000000 2841.385498 0.000000 0.001330 0.000000 0.999999 1.000000 1.000000 1.000000
3283.219727 0.000000 2834.983887 0.000000 0.273852 0.000000 0.961772 1.000000 1.000000 1.000000
3291.537598 0.000000 2838.039062 0.000000 0.635290 0.000000 0.772274 1.000000 1.000000 1.000000
3277.871338 0.000000 2829.083252 0.000000 0.453525 0.000000 0.891243 1.000000 1.000000 1.000000
3291.983887 0.000000 2833.642334 0.000000 0.120712 0.000000 0.992688 1.000000 1.000000 1.000000
3281.714355 0.000000 2824.621582 0.000000 0.863203 0.000000 0.504858 1.000000 1.000000 1.000000
3287.907227 0.000000 2839.820557 0.000000 0.242501 0.000000 0.970151 1.000000 1.000000 1.000000
3356.366943 0.000000 2823.669678 0.000000 0.372973 0.000000 0.927842 1.000000 1.000000 1.000000
3345.064209 0.000000 2833.424316 0.000000 0.158551 0.000000 0.987351 1.000000 1.000000 1.000000
3369.437256 0.000000 2818.075195 0.000000 0.070337 0.000000 0.997523 1.000000 1.000000 1.000000
3357.908691 0.000000 2821.035156 0.000000 0.677445 0.000000 0.735573 1.000000 1.000000 1.000000
3371.739990 0.000000 2818.272217 0.000000 0.845387 0.000000 0.534155 1.000000 1.000000 1.000000
3359.565674 0.000000 2822.771484 0.000000 0.361914 0.000000 0.932211 1.000000 1.000000 1.000000
3353.045654 0.000000 2819.978516 0.000000 0.327206 0.000000 0.944953 1.000000 1.000000 1.000000
3370.307129 0.000000 2819.899902 0.000000 0.829534 0.000000 0.558456 1.000000 1.000000 1.000000
3361.325195 0.000000 2822.698486 0.000000 0.595801 0.000000 0.803132 1.000000 1.000000 1.000000
"}
object={
	name="tree_pine_01_a_generator_1_1"
	render_pass=Map
	clamp_to_water_level=no
	generated_content=yes
	layer="tree_high_layer"
	pdxmesh="tree_pine_single_01_b_mesh"
	count=45
	transform="3176.809326 0.000000 2795.521240 0.000000 0.882992 0.000000 0.469387 1.000000 1.000000 1.000000
3170.571045 0.000000 2807.112549 0.000000 0.910640 0.000000 -0.413201 1.000000 1.000000 1.000000
3182.680176 0.000000 2785.104980 0.000000 0.981508 0.000000 0.191421 1.000000 1.000000 1.000000
3186.907471 0.000000 2782.654053 0.000000 0.961780 0.000000 0.273825 1.000000 1.000000 1.000000
3192.039307 0.000000 2808.049561 0.000000 0.952290 0.000000 0.305195 1.000000 1.000000 1.000000
3252.535400 0.000000 2779.741211 0.000000 0.899597 0.000000 0.436721 1.000000 1.000000 1.000000
3259.502441 0.000000 2763.604736 0.000000 0.930603 0.000000 -0.366030 1.000000 1.000000 1.000000
3251.831055 0.000000 2764.888428 0.000000 0.998153 0.000000 0.060758 1.000000 1.000000 1.000000
3310.923584 0.000000 2779.677002 0.000000 0.963850 0.000000 0.266446 1.000000 1.000000 1.000000
3318.779297 0.000000 2813.001953 0.000000 0.906993 0.000000 -0.421146 1.000000 1.000000 1.000000
3342.736816 0.000000 2763.170654 0.000000 0.956561 0.000000 0.291533 1.000000 1.000000 1.000000
3359.157227 0.000000 2804.205078 0.000000 0.888494 0.000000 0.458889 1.000000 1.000000 1.000000
3366.004639 0.000000 2811.951172 0.000000 0.963700 0.000000 -0.266987 1.000000 1.000000 1.000000
3345.357178 0.000000 2762.443604 0.000000 0.937687 0.000000 -0.347480 1.000000 1.000000 1.000000
3348.696533 0.000000 2765.479004 0.000000 0.875889 0.000000 0.482512 1.000000 1.000000 1.000000
3368.439209 0.000000 2808.656738 0.000000 0.894909 0.000000 0.446248 1.000000 1.000000 1.000000
3364.288086 0.000000 2813.088379 0.000000 0.927342 0.000000 -0.374215 1.000000 1.000000 1.000000
3177.543945 0.000000 2832.418701 0.000000 0.999880 0.000000 -0.015497 1.000000 1.000000 1.000000
3171.069092 0.000000 2822.123535 0.000000 0.984525 0.000000 0.175244 1.000000 1.000000 1.000000
3258.773682 0.000000 2850.637207 0.000000 0.977952 0.000000 0.208830 1.000000 1.000000 1.000000
3248.562744 0.000000 2874.309326 0.000000 0.989489 0.000000 -0.144611 1.000000 1.000000 1.000000
3261.282471 0.000000 2846.760010 0.000000 0.970657 0.000000 -0.240466 1.000000 1.000000 1.000000
3275.373291 0.000000 2853.818604 0.000000 0.996408 0.000000 -0.084681 1.000000 1.000000 1.000000
3283.637207 0.000000 2825.028809 0.000000 0.902803 0.000000 0.430054 1.000000 1.000000 1.000000
3283.874268 0.000000 2837.486328 0.000000 0.888427 0.000000 0.459019 1.000000 1.000000 1.000000
3293.620605 0.000000 2839.662842 0.000000 0.890971 0.000000 0.454060 1.000000 1.000000 1.000000
3282.546143 0.000000 2829.387207 0.000000 0.996462 0.000000 -0.084050 1.000000 1.000000 1.000000
3315.606689 0.000000 2819.285156 0.000000 0.876352 0.000000 -0.481672 1.000000 1.000000 1.000000
3269.425049 0.000000 2835.414551 0.000000 0.999224 0.000000 0.039376 1.000000 1.000000 1.000000
3315.088623 0.000000 2816.206299 0.000000 0.869208 0.000000 -0.494447 1.000000 1.000000 1.000000
3288.228271 0.000000 2841.582520 0.000000 0.992458 0.000000 -0.122582 1.000000 1.000000 1.000000
3272.166016 0.000000 2848.014404 0.000000 0.924227 0.000000 0.381844 1.000000 1.000000 1.000000
3295.094238 0.000000 2830.609375 0.000000 0.967504 0.000000 0.252856 1.000000 1.000000 1.000000
3275.052979 0.000000 2835.927002 0.000000 0.969690 0.000000 -0.244340 1.000000 1.000000 1.000000
3274.748779 0.000000 2851.632812 0.000000 0.989509 0.000000 0.144473 1.000000 1.000000 1.000000
3274.508545 0.000000 2859.506348 0.000000 0.924707 0.000000 -0.380679 1.000000 1.000000 1.000000
3276.530273 0.000000 2839.444824 0.000000 0.999907 0.000000 0.013638 1.000000 1.000000 1.000000
3295.677979 0.000000 2828.877686 0.000000 0.999718 0.000000 -0.023754 1.000000 1.000000 1.000000
3280.166992 0.000000 2840.854248 0.000000 0.983226 0.000000 -0.182390 1.000000 1.000000 1.000000
3276.715088 0.000000 2836.428711 0.000000 0.913384 0.000000 0.407100 1.000000 1.000000 1.000000
3275.160645 0.000000 2862.311768 0.000000 0.993876 0.000000 0.110505 1.000000 1.000000 1.000000
3273.439209 0.000000 2851.211182 0.000000 0.982280 0.000000 -0.187421 1.000000 1.000000 1.000000
3274.890137 0.000000 2860.904053 0.000000 0.919340 0.000000 -0.393464 1.000000 1.000000 1.000000
3342.747803 0.000000 2835.323242 0.000000 0.903717 0.000000 -0.428131 1.000000 1.000000 1.000000
3347.932861 0.000000 2816.023193 0.000000 0.995183 0.000000 -0.098031 1.000000 1.000000 1.000000
"}
object={
	name="tree_pine_01_a_generator_1_2"
	render_pass=Map
	clamp_to_water_level=no
	generated_content=yes
	layer="tree_high_layer"
	pdxmesh="tree_pine_single_01_c_mesh"
	count=35
	transform="3251.368652 0.000000 2769.918701 0.000000 0.699055 0.000000 -0.715068 1.000000 1.000000 1.000000
3263.485352 0.000000 2763.846680 0.000000 0.505912 0.000000 -0.862585 1.000000 1.000000 1.000000
3297.726562 0.000000 2798.735107 0.000000 0.585403 0.000000 -0.810742 1.000000 1.000000 1.000000
3291.829346 0.000000 2786.998291 0.000000 0.825071 0.000000 -0.565029 1.000000 1.000000 1.000000
3282.242432 0.000000 2767.581055 0.000000 0.563016 0.000000 -0.826446 1.000000 1.000000 1.000000
3316.094971 0.000000 2813.647461 0.000000 0.354329 0.000000 -0.935121 1.000000 1.000000 1.000000
3349.898193 0.000000 2814.725342 0.000000 0.855374 0.000000 -0.518011 1.000000 1.000000 1.000000
3344.442627 0.000000 2772.322998 0.000000 0.846584 0.000000 -0.532255 1.000000 1.000000 1.000000
3364.481445 0.000000 2805.076660 0.000000 0.736028 0.000000 -0.676951 1.000000 1.000000 1.000000
3360.939941 0.000000 2801.623535 0.000000 0.581259 0.000000 -0.813718 1.000000 1.000000 1.000000
3366.937500 0.000000 2810.081299 0.000000 0.116130 0.000000 -0.993234 1.000000 1.000000 1.000000
3345.864014 0.000000 2773.527832 0.000000 0.839927 0.000000 -0.542699 1.000000 1.000000 1.000000
3173.428711 0.000000 2821.748779 0.000000 0.791136 0.000000 -0.611641 1.000000 1.000000 1.000000
3175.417480 0.000000 2824.753906 0.000000 0.146929 0.000000 -0.989147 1.000000 1.000000 1.000000
3179.883545 0.000000 2848.944336 0.000000 0.463549 0.000000 -0.886071 1.000000 1.000000 1.000000
3185.539307 0.000000 2853.343262 0.000000 0.524862 0.000000 -0.851188 1.000000 1.000000 1.000000
3255.588867 0.000000 2859.575195 0.000000 0.468102 0.000000 -0.883675 1.000000 1.000000 1.000000
3258.520508 0.000000 2866.185059 0.000000 0.387903 0.000000 -0.921700 1.000000 1.000000 1.000000
3253.197510 0.000000 2857.738037 0.000000 0.313185 0.000000 -0.949692 1.000000 1.000000 1.000000
3250.666260 0.000000 2874.450195 0.000000 0.586165 0.000000 -0.810192 1.000000 1.000000 1.000000
3258.236816 0.000000 2867.846924 0.000000 0.424508 0.000000 -0.905424 1.000000 1.000000 1.000000
3272.257080 0.000000 2859.504150 0.000000 0.387815 0.000000 -0.921737 1.000000 1.000000 1.000000
3294.775635 0.000000 2827.332764 0.000000 0.318714 0.000000 -0.947851 1.000000 1.000000 1.000000
3297.277344 0.000000 2829.673096 0.000000 0.190882 0.000000 -0.981613 1.000000 1.000000 1.000000
3277.280762 0.000000 2851.118408 0.000000 0.562745 0.000000 -0.826630 1.000000 1.000000 1.000000
3290.852783 0.000000 2840.675537 0.000000 0.602342 0.000000 -0.798238 1.000000 1.000000 1.000000
3264.415039 0.000000 2847.452881 0.000000 0.078718 0.000000 -0.996897 1.000000 1.000000 1.000000
3312.732422 0.000000 2820.006348 0.000000 0.538096 0.000000 -0.842884 1.000000 1.000000 1.000000
3281.605957 0.000000 2850.788574 0.000000 0.343014 0.000000 -0.939330 1.000000 1.000000 1.000000
3272.660156 0.000000 2850.055176 0.000000 0.149967 0.000000 -0.988691 1.000000 1.000000 1.000000
3276.440918 0.000000 2829.929443 0.000000 0.412605 0.000000 -0.910910 1.000000 1.000000 1.000000
3344.207520 0.000000 2842.596191 0.000000 0.770891 0.000000 -0.636967 1.000000 1.000000 1.000000
3353.606445 0.000000 2816.135986 0.000000 0.188660 0.000000 -0.982042 1.000000 1.000000 1.000000
3363.069092 0.000000 2822.123535 0.000000 0.627139 0.000000 -0.778907 1.000000 1.000000 1.000000
3346.819580 0.000000 2833.209717 0.000000 0.625657 0.000000 -0.780098 1.000000 1.000000 1.000000
"}
