object={
	name="tree_leaf_yellow_generator_1_0"
	render_pass=Map
	clamp_to_water_level=no
	generated_content=yes
	layer="tree_high_layer"
	pdxmesh="tree_leaf_yellow_01_a_mesh"
	count=0
}
object={
	name="tree_leaf_yellow_generator_1_1"
	render_pass=Map
	clamp_to_water_level=no
	generated_content=yes
	layer="tree_high_layer"
	pdxmesh="tree_leaf_yellow_01_b_mesh"
	count=7
	transform="3603.627441 0.000000 2022.229858 0.000000 0.980112 0.000000 -0.198443 1.000000 1.000000 1.000000
3605.501221 0.000000 2010.272583 0.000000 0.806520 0.000000 0.591207 1.000000 1.000000 1.000000
3594.125244 0.000000 2008.783813 0.000000 0.990546 0.000000 0.137184 1.000000 1.000000 1.000000
3612.427734 0.000000 2003.569092 0.000000 0.802092 0.000000 0.597201 1.000000 1.000000 1.000000
3603.219727 0.000000 2002.984009 0.000000 0.999689 0.000000 -0.024921 1.000000 1.000000 1.000000
3584.962646 0.000000 2010.655640 0.000000 0.993667 0.000000 0.112367 1.000000 1.000000 1.000000
3596.530273 0.000000 2007.444824 0.000000 0.924029 0.000000 0.382322 1.000000 1.000000 1.000000
"}
object={
	name="tree_leaf_yellow_generator_1_2"
	render_pass=Map
	clamp_to_water_level=no
	generated_content=yes
	layer="tree_high_layer"
	pdxmesh="tree_leaf_yellow_01_c_mesh"
	count=4
	transform="3601.064209 0.000000 2001.424316 0.000000 0.888232 0.000000 -0.459395 1.000000 1.000000 1.000000
3605.859131 0.000000 2022.653564 0.000000 0.793410 0.000000 -0.608687 1.000000 1.000000 1.000000
3598.805176 0.000000 2007.727051 0.000000 0.761448 0.000000 -0.648226 1.000000 1.000000 1.000000
3601.864014 0.000000 2005.527954 0.000000 0.644038 0.000000 -0.764993 1.000000 1.000000 1.000000
"}
