object={
	name="lakes"
	render_pass=Map
	clamp_to_water_level=no
	generated_content=no
	layer="lake_layer"
	pdxmesh="lake_mesh"
	count=8
	transform="3795.203125 2.247925 4026.888428 0.000000 0.127566 0.000000 0.991830 18.654869 18.654869 18.654869
3470.891113 1.427490 3364.954346 0.000000 0.000000 0.000000 1.000000 14.228107 14.228107 14.228107
3406.631348 0.039063 4224.419922 0.000000 -0.386178 0.000000 0.922425 17.508699 17.508699 17.508699
3644.256836 1.443359 4516.268066 0.000000 0.000000 0.000000 1.000000 16.862020 16.862020 16.862020
3663.055176 1.029297 4489.251465 0.000000 0.509739 0.000000 0.860329 14.372725 14.372725 14.372725
3669.830566 1.897461 4515.060547 0.000000 0.000000 0.000000 1.000000 12.166815 12.166815 12.166815
3637.133301 1.940918 4537.121582 0.000000 0.884428 0.000000 0.466677 8.503383 8.503383 8.503383
3672.332520 1.335449 4535.388672 0.000000 -0.995477 0.000000 0.095006 16.905279 16.905279 16.905279
"}
